-0.483385
-2.42056
-1.60097
-2.378
-0.837557
-1.56337
-2.4119
-1.31617
-0.475894
-7.16549
-0.975178
-7.16549
-7.16549
-1.16656
-7.16549
-0.375396
-0.00232108
-7.16549
-7.16549
-7.16549
-0.00232108
-7.16549
-7.16549
-7.16549
-0.00232108
-7.16549
-7.16549
-7.16549
-7.16549
-0.00232108
-7.16549
-7.16549
-0.00232108
-7.16549
-7.16549
-7.16549
-0.24977
-1.51652
-7.16549
-7.16549
-0.417907
-2.03559
-1.55969
-7.16549
-1.3786
-0.962958
-1.80891
-1.59715
-1.69551
-2.20931
-1.61959
-0.675821
-8.20576
-8.20576
-1.6293
-0.21892
-8.20576
-1.32435
-2.20188
-0.472957
-8.20576
-8.20576
-8.20576
-0.00081956
-0.79059
-8.20576
-1.42584
-1.18468
-8.20576
-8.20576
-8.20576
-0.00081956
-8.20576
-8.20576
-8.20576
-0.00081956
-8.20576
-8.20576
-8.20576
-0.00081956
-1.81889
-1.99516
-8.20576
-0.354493
-8.20576
-1.64473
-1.77928
-0.449569
-0.994946
-8.20576
-0.462495
-8.20576
-1.82226
-2.08327
-1.09834
-0.96655
-1.72972
-1.21152
-2.18212
-0.886442
-0.670325
-2.59694
-0.88263
-8.24591
-8.24591
-0.000787298
-8.24591
-8.24591
-0.282101
-3.79156
-1.50067
-8.24591
-8.24591
-1.09678
-8.24591
-0.407172
-0.766045
-3.17074
-0.778538
-3.37837
-8.24591
-8.24591
-8.24591
-0.000787298
-8.24591
-8.24591
-0.000787298
-8.24591
-8.24591
-1.4502
-8.24591
-0.267941
-1.2293
-8.24591
-0.701577
-1.55383
-2.50291
-1.2705
-1.95064
-0.702636
-1.37689
-1.78757
-0.791768
-2.06176
-1.73239
-1.78851
-1.20627
-1.03109
-0.670602
-1.58961
-1.25712
-9.02268
-9.02268
-9.02268
-9.02268
-0.000361991
-9.02268
-9.02268
-9.02268
-0.000361991
-9.02268
-9.02268
-0.000361991
-9.02268
-9.02268
-0.000361991
-9.02268
-9.02268
-0.665425
-2.67006
-1.41282
-1.75307
-1.68836
-0.967209
-9.02268
-0.832608
-0.546522
-0.865601
-9.02268
-9.02268
-0.000361991
-9.02268
-9.02268
-9.02268
-9.02268
-1.13924
-1.47518
-0.796111
-1.14377
-1.14947
-2.0016
-1.47202
-1.27674
-0.401227
-9.52186
-2.9665
-0.000219724
-9.52186
-9.52186
-9.52186
-1.54218
-1.2715
-0.948098
-2.13539
-1.01694
-0.786818
-1.69862
-9.52186
-0.000219724
-9.52186
-9.52186
-9.52186
-1.1203
-1.00487
-1.33012
-3.14005
-0.858665
-0.818686
-9.52186
-2.00108
-0.716936
-1.61605
-1.5415
-2.31252
-1.2144
-1.04175
-1.80495
-1.68312
-0.683309
-1.78905
-1.11515
-9.52186
-1.33707
-0.629937
-1.58627
-9.52186
-0.000219724
-9.52186
-9.52186
-9.52186
-2.39965
-0.184958
-3.40595
-3.10252
-9.74631
-0.000175546
-9.74631
-9.74631
-0.213449
-4.38502
-3.04681
-2.02319
-4.01621
-0.554335
-0.916203
-4.89428
-2.00782
-0.763746
-3.47155
-0.997685
-0.000175546
-9.74631
-9.74631
-9.74631
-9.74631
-9.74631
-0.000175546
-9.74631
-0.864332
-9.74631
-0.54723
-9.74631
-3.39368
-5.32747
-0.490229
-1.05248
-9.74631
-9.74631
-0.000175546
-9.74631
-4.47845
-5.06418
-0.0805694
-2.81777
-2.13446
-0.201568
-4.46819
-2.94169
-1.78776
-1.24249
-1.55375
-1.10097
-1.97651
-1.08864
-1.49893
-1.1993
-2.0805
-0.855451
-1.7134
-1.31012
-9.73826
-9.73826
-9.73826
-0.000176965
-9.73826
-9.73826
-9.73826
-0.000176965
-9.73826
-9.73826
-9.73826
-0.000176965
-9.73826
-0.742474
-1.4308
-1.25566
-9.73826
-0.577109
-9.73826
-0.824709
-2.15399
-0.885451
-9.73826
-0.752063
-2.15756
-1.12794
-2.08761
-0.828483
-9.73826
-0.934985
-1.79696
-0.817469
-1.87422
-1.11096
-1.84431
-1.02402
-1.84684
-1.42779
-1.50398
-0.967105
-1.81281
-1.41606
-1.52327
-0.9778
-1.95791
-1.22681
-1.6196
-1.00064
-1.5914
-8.50613
-8.50613
-0.228212
-8.50613
-8.50613
-8.50613
-0.000606858
-8.50613
-8.50613
-8.50613
-0.000606858
-8.50613
-1.18494
-1.68393
-0.676502
-8.50613
-0.938787
-1.8091
-0.80992
-1.66345
-1.14095
-8.50613
-0.711721
-1.60742
-8.50613
-1.58349
-0.520648
-8.50613
-1.24913
-1.41273
-0.755948
-1.93946
-1.29753
-1.82027
-0.865048
-1.92829
-1.19765
-1.16578
-1.42286
-2.1659
-1.17812
-1.81241
-0.881316
-2.34266
-0.404044
-1.51592
-4.09186
-0.000266655
-9.3283
-9.3283
-9.3283
-0.000266655
-9.3283
-9.3283
-9.3283
-9.3283
-9.3283
-0.000266655
-9.3283
-9.3283
-9.3283
-0.000266655
-9.3283
-2.0566
-9.3283
-9.3283
-0.137042
-9.3283
-0.157222
-2.20382
-3.35195
-0.000266655
-9.3283
-9.3283
-9.3283
-1.4426
-1.11221
-1.36972
-1.71103
-1.30377
-1.28432
-1.23027
-1.8361
-1.43788
-1.29981
-1.29406
-1.53327
-1.0349
-8.53543
-1.09176
-1.17469
-0.884306
-8.53543
-0.533401
-8.53543
-8.53543
-8.53543
-8.53543
-0.000589333
-8.53543
-8.53543
-0.000589333
-8.53543
-0.000589333
-8.53543
-8.53543
-8.53543
-8.53543
-0.625569
-0.76647
-8.53543
-8.53543
-8.53543
-8.53543
-0.000589333
-8.53543
-0.000589333
-8.53543
-8.53543
-0.000589333
-8.53543
-8.53543
-8.53543
-8.53543
-0.922595
-1.16331
-1.23833
-1.12025
-1.13297
-2.91865
-1.2116
-1.35187
-1.40102
-1.08426
-1.85311
-1.16758
-8.67965
-1.1481
-0.990281
-8.67965
-8.67965
-0.000510161
-8.67965
-8.67965
-8.67965
-0.000510161
-8.67965
-8.67965
-8.67965
-0.000510161
-8.67965
-2.59743
-0.760296
-8.67965
-0.781241
-8.67965
-8.67965
-0.000510161
-8.67965
-8.67965
-8.67965
-0.650871
-0.738001
-8.67965
-8.67965
-0.000510161
-8.67965
-8.67965
-8.67965
-0.104945
-2.30975
-8.67965
-0.326862
-8.67965
-1.27842
-2.05161
-0.888956
-1.72406
-1.26568
-1.30208
-1.4881
-1.28637
-1.48739
-1.3382
-1.43515
-1.20148
-1.6152
-1.50412
-1.08499
-1.398
-1.64614
-9.43684
-0.000239225
-9.43684
-9.43684
-0.000239225
-9.43684
-9.43684
-9.43684
-1.75759
-0.603521
-9.43684
-1.27091
-1.26864
-9.43684
-0.604688
-1.75759
-4.4601
-9.43684
-9.43684
-0.0117898
-9.43684
-9.43684
-0.000239225
-9.43684
-1.6478
-1.40156
-1.08099
-1.50484
-1.61479
-1.19962
-1.43649
-1.33941
-1.48282
-1.2832
-1.48739
-1.30973
-1.54592
-1.12979
-1.40218
-1.52452
-1.14034
-1.55652
-1.39612
-1.50569
-1.13113
-1.41087
-0.836181
-10.1416
-10.1416
-0.000118229
-10.1416
-10.1416
-0.000118229
-10.1416
-10.1416
-10.1416
-10.1416
-2.08672
-0.132586
-10.1416
-10.1416
-0.000118229
-10.1416
-10.1416
-10.1416
-10.1416
-10.1416
-0.000118229
-10.1416
-10.1416
-0.000118229
-10.1416
-10.1416
-0.611094
-10.1416
-0.782713
-10.1416
-0.847429
-10.1416
-0.559655
-1.59384
-1.2272
-1.37003
-1.38771
-1.31931
-1.54128
-0.991826
-1.91274
-1.43405
-1.37269
-1.18198
-1.60164
-0.599638
-10.2923
-0.796461
-10.2923
-0.828229
-10.2923
-0.57428
-10.2923
-10.2923
-0.000101686
-10.2923
-10.2923
-0.000101686
-10.2923
-10.2923
-10.2923
-10.2923
-10.2923
-0.000101686
-10.2923
-10.2923
-0.159907
-1.91251
-10.2923
-10.2923
-10.2923
-10.2923
-0.000101686
-10.2923
-10.2923
-0.000101686
-10.2923
-2.09778
-1.014
-1.42753
-1.29241
-1.57019
-1.36086
-1.3235
-1.31173
-1.58165
-1.46989
-1.61186
-1.00814
-8.73392
-1.02461
-1.51281
-0.866045
-8.73392
-0.712003
-8.73392
-0.675272
-8.73392
-0.000483209
-8.73392
-8.73392
-1.0139
-1.47199
-8.73392
-0.897546
-8.73392
-8.73392
-1.25067
-0.337761
-8.73392
-8.73392
-8.73392
-0.000483209
-8.73392
-1.22458
-1.16296
-0.932934
-8.73392
-0.97132
-1.82716
-0.775689
-8.73392
-0.000483209
-8.73392
-8.73392
-1.25462
-1.27055
-8.73392
-0.834763
-1.63059
-1.45047
-1.59188
-1.00462
-1.57791
-1.31767
-1.0284
-1.78227
-1.39387
-1.43426
-1.07944
-1.74981
-2.01348
-0.880635
-1.23555
-1.82461
-8.85723
-0.000427137
-8.85723
-8.85723
-0.238384
-8.85723
-8.85723
-1.55204
-8.85723
-0.226173
-8.85723
-1.59882
-1.71361
-8.85723
-0.199059
-8.85723
-8.85723
-8.85723
-8.85723
-0.000427137
-8.85723
-8.85723
-0.000427137
-8.85723
-1.81669
-1.22096
-0.912384
-1.95953
-1.78736
-1.08827
-1.41298
-1.3768
-1.87066
-1.01103
-1.34298
-1.50929
-1.90993
-1.07601
-1.58745
-1.1825
-8.06903
-0.802202
-1.50517
-1.11058
-8.06903
-0.000939702
-8.06903
-8.06903
-8.06903
-0.000939702
-8.06903
-8.06903
-1.40207
-1.03817
-8.06903
-0.917544
-8.06903
-0.874592
-1.40462
-1.08709
-8.06903
-0.485273
-8.06903
-0.957517
-8.06903
-0.48782
-8.06903
-0.953447
-8.06903
-0.52364
-8.06903
-0.89891
-8.06903
-0.000939702
-8.06903
-8.06903
-1.46916
-0.812027
-8.06903
-1.12205
-1.75548
-1.06143
-1.48424
-1.3683
-2.9523
-1.18586
-1.237
-1.044
-7.73979
-0.410045
-1.99359
-1.61074
-7.73979
-0.32703
-7.73979
-1.27989
-0.964428
-7.73979
-7.73979
-0.481382
-7.73979
-7.73979
-7.73979
-0.00130634
-7.73979
-7.73979
-7.73979
-0.00130634
-7.73979
-7.73979
-0.00130634
-7.73979
-7.73979
-7.73979
-7.73979
-0.00130634
-7.73979
-1.11175
-2.37382
-0.549118
-1.53322
-0.869741
-7.73979
-1.00878
-7.73979
-1.17594
-2.43153
-0.505617
-2.18683
-1.25211
-1.22508
-1.17735
-1.70379
-1.47265
-1.40628
-1.06817
-1.83635
-1.48399
-1.38047
-1.01498
-1.61236
-1.22243
-1.50757
-1.25659
-9.09336
-9.09336
-9.09336
-0.000337287
-9.09336
-9.09336
-9.09336
-0.000337287
-9.09336
-9.09336
-9.09336
-0.000337287
-1.99168
-1.06425
-1.29895
-1.40353
-0.980829
-9.09336
-9.09336
-0.470363
-1.61124
-1.78615
-1.15206
-1.14957
-1.54322
-1.16315
-1.61462
-1.29156
-0.858792
-9.09336
-9.09336
-0.551471
-1.78817
-1.52912
-1.16171
-1.19383
-1.25873
-1.86602
-1.41245
-1.14664
-9.72041
-0.16336
-1.89316
-9.72041
-9.72041
-0.000180153
-9.72041
-9.72041
-0.407238
-9.72041
-9.72041
-1.09543
-9.72041
-9.72041
-0.000180153
-9.72041
-1.89516
-0.75635
-9.72041
-0.966876
-9.72041
-0.832339
-9.72041
-0.571196
-1.72814
-1.10084
-1.73936
-1.15786
-1.45836
-1.32267
-1.27751
-1.50405
-0.820266
-9.72041
-1.20481
-1.34754
-1.21508
-9.72041
-0.845258
-1.29533
-9.72041
-0.000180153
-9.72041
-9.72041
-1.40159
-1.56646
-1.01146
-1.70747
-1.22517
-1.7314
-0.786721
-2.60478
-2.14739
-1.22517
-2.0701
-0.769316
-9.06312
-0.000347645
-9.06312
-9.06312
-0.000347645
-9.06312
-9.06312
-9.06312
-9.06312
-0.000347645
-9.06312
-9.06312
-9.06312
-9.06312
-0.000347645
-9.06312
-9.06312
-9.06312
-9.06312
-0.000347645
-9.06312
-9.06312
-0.000347645
-9.06312
-0.638476
-9.06312
-1.08002
-2.02346
-2.77155
-0.741208
-1.6717
-1.2984
-1.67047
-1.00891
-1.62473
-1.38525
-1.56862
-1.21224
-1.19425
-1.65442
-1.66333
-0.786576
-1.03581
-8.77648
-1.60252
-0.876951
-1.45067
-1.90954
-0.00046307
-8.77648
-8.77648
-8.77648
-8.77648
-8.77648
-0.00046307
-8.77648
-8.77648
-8.77648
-0.00046307
-8.77648
-8.77648
-0.00046307
-8.77648
-8.77648
-8.77648
-0.00046307
-8.77648
-8.77648
-8.77648
-0.782518
-2.83106
-0.72641
-1.45661
-1.23003
-1.24492
-1.6781
-1.34695
-8.77648
-0.588898
-1.68807
-1.6889
-1.11967
-0.715936
-8.77648
