-0.995928
-1.92367
-1.81713
-1.91077
-1.34854
-1.33439
-2.37027
-0.432004
-0.14475
-7.11721
-0.929404
-7.11721
-7.11721
-0.0115853
-7.11721
-0.192593
-0.00243605
-7.11721
-7.11721
-7.11721
-0.00243605
-7.11721
-7.11721
-7.11721
-0.00243605
-7.11721
-7.11721
-7.11721
-7.11721
-0.00243605
-7.11721
-7.11721
-0.00243605
-7.11721
-7.11721
-7.11721
-0.235794
-1.40095
-7.11721
-7.11721
-0.531034
-1.83664
-1.19632
-7.11721
-1.3525
-0.994713
-1.51032
-1.41155
-1.55874
-1.805
-1.69911
-1.20752
-8.19257
-8.19257
-1.21344
-0.262005
-8.19257
-2.40813
-1.72288
-0.469301
-8.19257
-8.19257
-8.19257
-0.00083045
-0.696962
-8.19257
-1.23987
-1.64562
-8.19257
-8.19257
-8.19257
-0.00083045
-8.19257
-8.19257
-8.19257
-0.00083045
-8.19257
-8.19257
-8.19257
-0.00083045
-1.51995
-2.34567
-8.19257
-0.429974
-8.19257
-1.62002
-1.27413
-0.480574
-0.945999
-8.19257
-0.517489
-8.19257
-2.10115
-2.15571
-0.752001
-1.04659
-1.54104
-1.32017
-2.39648
-2.15251
-0.939774
-2.18005
-1.70586
-8.20549
-8.20549
-0.000819784
-8.20549
-8.20549
-0.194468
-8.6751
-2.19694
-8.20549
-8.20549
-1.50213
-8.20549
-0.415209
-1.32919
-2.01103
-0.671097
-3.2313
-8.20549
-8.20549
-8.20549
-0.000819784
-8.20549
-8.20549
-0.000819784
-8.20549
-8.20549
-1.35292
-8.20549
-0.248314
-1.90984
-8.20549
-0.740982
-0.72817
-2.1208
-1.49738
-2.06908
-0.754857
-1.7795
-1.62763
-0.914157
-2.03741
-1.62016
-1.40295
-1.08745
-1.28641
-0.695818
-1.97736
-0.804977
-9.01773
-9.01773
-9.01773
-9.01773
-0.000363791
-9.01773
-9.01773
-9.01773
-0.000363791
-9.01773
-9.01773
-0.000363791
-9.01773
-9.01773
-0.000363791
-9.01773
-9.01773
-0.672983
-2.0597
-1.03854
-1.21322
-1.7503
-0.0363381
-9.01773
-0.784188
-0.593368
0.357351
-9.01773
-9.01773
-0.000363791
-9.01773
-9.01773
-9.01773
-9.01773
-0.682461
-1.84294
-0.879636
-1.20277
-0.982924
-1.57264
-1.44728
-0.330248
-0.391749
-9.49183
-2.24895
-0.000226424
-9.49183
-9.49183
-9.49183
-3.89363
-0.603535
-0.747056
-1.62429
-2.28338
0.179346
-0.819899
-9.49183
-0.000226424
-9.49183
-9.49183
-9.49183
-0.620964
-1.04083
-0.77135
-2.87223
-0.846321
0.67486
-9.49183
-2.08476
-1.38958
-2.39058
0.0395932
-2.57042
-1.6597
-1.94886
-1.36151
-2.04457
-1.62581
-2.34215
-1.3865
-9.49183
-1.06931
-1.07644
-2.41077
-9.49183
-0.000226424
-9.49183
-9.49183
-9.49183
-2.18883
-0.181547
-3.1497
-3.21697
-9.74297
-0.000176134
-9.74297
-9.74297
-0.220081
-3.65362
-2.04196
-1.99124
-3.85696
-0.558457
-0.412775
-4.10491
-1.56042
-0.807472
-3.16782
-0.774897
-0.000176134
-9.74297
-9.74297
-9.74297
-9.74297
-9.74297
-0.000176134
-9.74297
-0.595559
-9.74297
-0.551446
-9.74297
-2.41507
-3.81533
-0.448232
-0.547483
-9.74297
-9.74297
-0.000176134
-9.74297
-3.71183
-6.44613
-0.0772288
-2.34843
-1.79948
-0.202963
-4.54523
-2.7625
-1.48849
-0.894664
-1.47053
-1.17093
-1.61697
-0.88794
-1.22573
-1.21857
-1.67631
-1.01008
-1.00249
-1.23713
-9.60346
-9.60346
-9.60346
-0.000202504
-9.60346
-9.60346
-9.60346
-0.000202504
-9.60346
-9.60346
-9.60346
-0.000202504
-9.60346
-0.447996
-1.22293
-0.783177
-9.60346
-0.445364
-9.60346
-0.382952
-1.45774
-0.98733
-9.60346
-0.69839
-2.1306
-0.994001
-1.00491
-0.72184
-9.60346
-0.798891
-0.905921
-0.876213
-1.56522
-1.05131
-1.43913
-1.14003
-1.7178
-1.40393
-1.07767
-1.14248
-2.39578
-0.978256
-1.45444
-0.827018
-2.55577
-1.46374
-1.38051
-1.28848
-0.199742
-8.24197
-8.24197
4.63893
-8.24197
-8.24197
-8.24197
-0.00079041
-8.24197
-8.24197
-8.24197
-0.00079041
-8.24197
-0.336619
-1.48957
-0.309726
-8.24197
1.39974
0.678492
-5.09265
-1.48469
0.0849395
-8.24197
-0.868675
-1.08992
-8.24197
0.0693964
-0.926451
-8.24197
-1.28319
-1.39107
-0.818538
-1.99353
-1.47397
-1.61395
-1.03663
-1.94363
-1.07227
-1.13415
-1.40367
-2.20673
-1.00277
-1.32646
-0.921531
-2.08143
-0.346623
-0.998701
-3.86702
-0.000266963
-9.32715
-9.32715
-9.32715
-0.000266963
-9.32715
-9.32715
-9.32715
-9.32715
-9.32715
-0.000266963
-9.32715
-9.32715
-9.32715
-0.000266963
-9.32715
-2.1143
-9.32715
-9.32715
-0.129282
-9.32715
-0.153469
-3.06535
-2.69915
-0.000266963
-9.32715
-9.32715
-9.32715
-1.22534
-0.903511
-1.37138
-1.62024
-1.30644
-1.16748
-0.855376
-1.88716
-1.36747
-0.826565
-1.32097
-1.28079
-0.969546
-8.53326
-0.978399
-0.919554
-0.762762
-8.53326
-0.530904
-8.53326
-8.53326
-8.53326
-8.53326
-0.000590609
-8.53326
-8.53326
-0.000590609
-8.53326
-0.000590609
-8.53326
-8.53326
-8.53326
-8.53326
-0.61318
-1.00358
-8.53326
-8.53326
-8.53326
-8.53326
-0.000590609
-8.53326
-0.000590609
-8.53326
-8.53326
-0.000590609
-8.53326
-8.53326
-8.53326
-8.53326
-0.925501
-1.10279
-1.17846
-1.01375
-1.01066
-2.18511
-1.05289
-1.45911
-1.40705
-0.971873
-1.98213
-1.06389
-8.68457
-0.956634
-0.920196
-8.68457
-8.68457
-0.000507657
-8.68457
-8.68457
-8.68457
-0.000507657
-8.68457
-8.68457
-8.68457
-0.000507657
-8.68457
-1.81641
-0.796212
-8.68457
-0.680645
-8.68457
-8.68457
-0.000507657
-8.68457
-8.68457
-8.68457
-0.409049
-0.590106
-8.68457
-8.68457
-0.000507657
-8.68457
-8.68457
-8.68457
-0.115164
-1.47589
-8.68457
-0.328485
-8.68457
-1.65012
-1.85459
-0.890024
-1.61504
-1.39173
-1.30937
-0.926761
-1.53841
-1.26703
-1.32376
-1.14387
-0.899621
-1.38244
-1.39488
-1.24537
-1.05074
-1.88815
-9.42521
-0.000242023
-9.42521
-9.42521
-0.000242023
-9.42521
-9.42521
-9.42521
-1.82785
-0.746004
-9.42521
-0.70741
-0.893305
-9.42521
-0.947372
-1.52067
-9.54034
-9.42521
-9.42521
-0.0168386
-9.42521
-9.42521
-0.000242023
-9.42521
-1.51056
-0.992811
-1.22228
-1.69197
-1.37537
-0.768396
-1.49133
-1.29476
-1.25572
-1.5256
-0.937238
-1.297
-1.44354
-1.08094
-1.31608
-1.37161
-1.04894
-1.00089
-0.671575
-1.60467
-0.876637
-1.32995
-0.649903
-10.1396
-10.1396
-0.000118458
-10.1396
-10.1396
-0.000118458
-10.1396
-10.1396
-10.1396
-10.1396
-1.46981
-0.133176
-10.1396
-10.1396
-0.000118458
-10.1396
-10.1396
-10.1396
-10.1396
-10.1396
-0.000118458
-10.1396
-10.1396
-0.000118458
-10.1396
-10.1396
-0.502407
-10.1396
-0.607099
-10.1396
-0.350203
-10.1396
-0.406031
-1.04095
-1.21984
-0.741468
-1.07908
-1.34489
-1.01878
-0.779249
-1.64159
-1.21653
-1.01288
-0.800695
-1.14113
-0.266795
-10.2938
-0.704152
-10.2938
-1.06837
-10.2938
-0.599585
-10.2938
-10.2938
-0.000101528
-10.2938
-10.2938
-0.000101528
-10.2938
-10.2938
-10.2938
-10.2938
-10.2938
-0.000101528
-10.2938
-10.2938
-0.166009
-1.24863
-10.2938
-10.2938
-10.2938
-10.2938
-0.000101528
-10.2938
-10.2938
-0.000101528
-10.2938
-2.04485
-0.523835
-1.44873
-1.03635
-1.37502
-1.0441
-0.89103
-1.31087
-1.50665
-1.15232
-1.78972
-0.786863
-8.73793
-1.21581
-0.877587
-0.807683
-8.73793
-0.680714
-8.73793
-0.728264
-8.73793
-0.000481271
-8.73793
-8.73793
-0.935982
-0.697218
-8.73793
-0.976981
-8.73793
-8.73793
-1.03634
-0.39058
-8.73793
-8.73793
-8.73793
-0.000481271
-8.73793
-0.87228
-1.02978
-1.16554
-8.73793
-0.992622
-1.47391
-1.01173
-8.73793
-0.000481271
-8.73793
-8.73793
-1.19666
-1.23651
-8.73793
-0.621898
-1.28038
-1.36411
-1.51071
-0.804601
-1.53171
-0.915663
-1.13649
-1.74659
-1.35855
-1.44902
-0.754479
-1.59456
-1.70256
-0.876761
-0.99588
-2.09406
-8.84923
-0.000430571
-8.84923
-8.84923
-0.247325
-8.84923
-8.84923
-1.66966
-8.84923
-0.224975
-8.84923
-1.7407
-1.84995
-8.84923
-0.189146
-8.84923
-8.84923
-8.84923
-8.84923
-0.000430571
-8.84923
-8.84923
-0.000430571
-8.84923
-2.21263
-0.894833
-0.833923
-2.35022
-1.93338
-0.965083
-1.21361
-1.25077
-1.66677
-0.780143
-1.25994
-1.92806
-2.14013
-1.33769
-1.06539
-1.3245
-8.015
-0.385296
-1.64143
-1.21455
-8.015
-0.0009919
-8.015
-8.015
-8.015
-0.0009919
-8.015
-8.015
-1.35458
-0.533367
-8.015
-0.891859
-8.015
-1.41533
-1.15183
-1.24625
-8.015
-0.502926
-8.015
-0.056319
-8.015
-0.454396
-8.015
0.113186
-8.015
-0.49639
-8.015
0.471991
-8.015
-0.0009919
-8.015
-8.015
-0.852625
-0.570817
-8.015
-0.797841
-1.52171
-1.28812
-1.06156
-1.38431
-2.13303
-1.01793
-1.25584
-0.958855
-7.73281
-0.368894
-0.89038
-1.16206
-7.73281
-0.343861
-7.73281
-0.80344
-0.759489
-7.73281
-7.73281
-0.548178
-7.73281
-7.73281
-7.73281
-0.0013155
-7.73281
-7.73281
-7.73281
-0.0013155
-7.73281
-7.73281
-0.0013155
-7.73281
-7.73281
-7.73281
-7.73281
-0.0013155
-7.73281
-0.964621
-1.81532
-0.998345
0.00404705
-1.65371
-7.73281
-1.01246
-7.73281
-0.325052
-2.44882
-0.734092
-1.47285
-0.994847
-0.965931
-1.15447
-1.74564
-1.1606
-1.31776
-1.45541
-1.67437
-0.988423
-0.937154
-1.34042
-1.70611
-1.21282
-1.43212
-1.96331
-9.07532
-9.07532
-9.07532
-0.000343426
-9.07532
-9.07532
-9.07532
-0.000343426
-9.07532
-9.07532
-9.07532
-0.000343426
-1.89534
-1.33476
-1.02357
-2.54124
-0.0589509
-9.07532
-9.07532
-0.547585
-1.63653
-1.24212
-0.771518
-1.39612
-1.45214
-1.40007
-1.05023
-1.47541
-0.63133
-9.07532
-9.07532
-0.456429
-1.21993
-1.52069
-1.25713
-1.25353
-1.35935
-1.91427
-1.32202
-1.13885
-9.71926
-0.168958
-1.07115
-9.71926
-9.71926
-0.000180359
-9.71926
-9.71926
-0.371687
-9.71926
-9.71926
-1.17841
-9.71926
-9.71926
-0.000180359
-9.71926
-1.42063
-0.952189
-9.71926
-0.449826
-9.71926
-0.522526
-9.71926
-0.585474
-1.14859
-0.719575
-0.676128
-1.09186
-1.4479
-1.16715
-1.24299
-1.44139
-0.795208
-9.71926
-0.984238
-1.47592
-1.06945
-9.71926
-1.25147
-1.54246
-9.71926
-0.000180359
-9.71926
-9.71926
-1.32116
-0.655965
-0.856095
-1.70814
-1.44446
-1.5081
-0.94385
-2.57501
-2.05409
-1.18889
-1.7991
-1.64212
-9.06288
-0.000347725
-9.06288
-9.06288
-0.000347725
-9.06288
-9.06288
-9.06288
-9.06288
-0.000347725
-9.06288
-9.06288
-9.06288
-9.06288
-0.000347725
-9.06288
-9.06288
-9.06288
-9.06288
-0.000347725
-9.06288
-9.06288
-0.000347725
-9.06288
-0.896651
-9.06288
-0.505505
-1.47214
-2.72076
0.509188
-1.64382
-1.51481
-1.67215
-0.858739
-0.742475
-1.31714
-1.56923
-0.770356
-1.31841
-1.50255
-1.66011
-0.650175
-0.768821
-8.77709
-1.23881
-0.926125
-1.34572
-1.59828
-0.000462784
-8.77709
-8.77709
-8.77709
-8.77709
-8.77709
-0.000462784
-8.77709
-8.77709
-8.77709
-0.000462784
-8.77709
-8.77709
-0.000462784
-8.77709
-8.77709
-8.77709
-0.000462784
-8.77709
-8.77709
-8.77709
-0.704255
-0.788503
-0.765775
-2.23559
-0.703892
-1.26907
-1.60527
-1.00898
-8.77709
-0.320203
-1.53571
-1.46123
-0.912405
-0.821361
-8.77709
