0.985205
0
0
0
0
-0.702539
0
0
0
0
0
0
0
0
0
0.829219
0
0
0
-1.22651
0
0
0
0
0
0
0.672548
0
0
0
0
0
0
0
0
0
0
0
-0.66921
0
0
0
0
0
0
0
0
0
0
0
0
0
0
0
0
0
0
0
0
0
0
0
0
0
0
0
0
0
0
0
0
0
0
0
0
0
0
0
0
0
0
0
0
0
0
0
0
0
0
0
0
0
0
0
0
0
0
0
0
0
0
0
0
0
0
0
0
0
0
0
0
0
0
0
0
0
0
0
0
0
0
0
0
0
0
0
0
0
0
0
0
0
0
0
0
0
0
0
0
0
0
0
0
0
0
0
0
0
0
0
0
0
0
0
0
0
0
0
0
0
0
0.974627
0
0
0
0
0
0
0
0
0
0
0
0
0
0
0
0
0
0
0
0
0
0
0
0
0
0
0
0
0
0
0
0
0
0
0
0
0.719917
0
0
0
0
0
0
0
0
0
0
0
0
0
0
0
0
0
0
0
0
0
0
0
0
0
0
0
0
0
0
0
0
0
0
0
0
0
0
0
0
0
0
0
0
0
0
0
0
0
0
0
0
0
0
0
0
0
0
0
0
0
0
0
0
0
0
0
0
0
0
0
0
0
0
0
0
0
0
0
0
0
0
0
0
0
0
0
0
0
0
0
0
0
0
0
0
0
0
0
0
0
0
0
0
0
0
0
0
0
0
-2.1108
0
0
-2.05127
0.734581
0
0
0
0
0
0
0
0
0
0
0
0
0
0
0
0
0
0
0
0
0
0
1.15292
0
0
0
0
0
0
0
-0.321044
0
0
0
0
0
0
0
0
0
0
0
0
-0.290981
1.70896
0
0
0
0.99345
1.33939
0
0
0
0
0
0
0
0
0
0
0
0
0
0
0
0
0
0
0
0
0
0
0
0
0
0
0
0
0
0
0
0
0
0
0
0
0
0
0
0
0
0
0
0
0
0
0
0
0
0
0
0
0
1.63241
0
0
0
-4.65075
0
0
0
0
0
0
0
1.40267
0
0
0
0
0
0
0
0
0
0
0
0
0
0
0
0
0
0
0
0
0
0
0
0
0
0
0
0
0
0
0
0
0
0
0
0
0
0
0
0
0
0
0
0
0
0
0
0
0
0
0
0.939358
0
0
0
0
0
0
0
0
0
0
0
0
0
0
0
0
0
0
0
0
0
0
0
0
0
1.03176
0
0
0
0
0
1.05995
0
0
0
0
0.233441
-0.809041
0
0
-0.565172
0
0
0
0
0
0
0
0
0
0
0
0.251478
0.900954
0
-1.94726
-0.580617
0
0
0
0
0
0
0
0
0
0
0
0
0
0
0
0
0
0
0
0
0
0
0
0
0
0
0
0
0
0
0
0
0
0
0
0
0
0
0
0
0
0
0
0
0
0
0
0
0
0
0
0
0
0
0
0
0
0
0
0
0
0
0
0
0
0
0
0
0
0
0
0
0
0
0
0
0
0
0
0
0
0
0
0
0
0
-4.25546
0.248187
-5.31825
0
0
0
0
0
0
0
0
0
0.67262
0
0
0.626574
0
0
0
0
-3.04263
0
0
0
0
0
0
0
0
0
0
0
0
0
0
0
0
0
0
0
0
0
0
0
0
0
0
0
0
0
0
0
0
0
0
0
0
0
0
0
0
0
0
0
0
0.7471
0
0
-0.700871
0
0
0
-1.90048
0
0
0
0
0
0
0
0
0
0
0
0
0
0
0
0
0
0
0
0
0
0
0
0
0
0
0
0
0
0
0
0
0
0
0
0
0
0
0
0.844664
0
0
0
0
0
0
-0.875606
-1.57192
0
0.434302
0
0
0
0
0
0
0
0
0
0
0
0
0
0
0
0
0
0
0
0
0
0
0
0
0
0
0
0
0
0
0
0
0
0
0
0
-1.00547
0
-1.43827
0
0
0
0
0
0
0
0
0
0
0
0
0
0
0
0
-0.45737
1.85219
0
0
1.0344
0
-2.84673
0
0
1.09016
0
0
0.700661
0
1.07338
-0.432402
0
0
0
0
-0.329763
0
-0.609553
0
0.381187
0
0.45773
0
0
0
2.49237
0
0
0.420892
0
0
0
0
0
0
0.584277
0
0
0
0
0
0
-0.283925
0
0
0
0
0
0
-1.53352
1.38156
0
0
0
0
0
0
0
0
0
0
0
0
0
0
0
0
0
0
0
0
0
0
0
0
0
0
0
0
0
0
0
0
0
0
0
0
0
0
0
0
0
0
0
0
0
0
0
0
0
0
0
0
0
0
-0.28779
1.13112
1.10638
0
0
0
0
0
-3.78964
-0.385682
0.548646
0
-0.0777921
0
-2.46877
0.494612
0
-0.931661
0
0.71681
0
0
0
-1.32454
0
0
-0.788791
0
0
-1.2841
0
0
0
0
0
0
0
0
0
0
0
0
0
0
0
0
0
0
0
0
0
0
0
0
0
0
0
0
0
0
0
0
0
0
0
0
0
0
0
0
0
0
0
0
0
0
0
0
0
-6.28941
0
0
0
-2.53466
0
0
0
0
0
0
0
-0.664478
0
0
0
0
0
0
0
0
0
0
0
0
0
0
0
0
0
0
0
0
0
0
0
0
0
0
0
0
0
0
0
0
0
0
0
-2.92245
0
0
-2.89826
0
0
0
0
-0.362015
0
0
-2.12375
-2.01561
0
0
-4.51437
0
0
0
-0.618666
0
0
0.233532
0
0
-1.17229
0
0
-0.433189
0
0
0.218905
0
0
0
-0.436733
0
0
0.320271
0
0
-1.34242
0
0
0
0
0.32439
-6.52646
0
0
0
0
0
0
0
0
0
0
0
0
0
0
0
0
0
0
0
0
0
0
0
0
0
0
0
0
0
0
0
0
0
0
0
0
0
0
0
0
0
0
0
0
0
0
0
0
0
0
0
0
0
0
0
0
0
0
0
0
0
0
0
0
0
0
0
0
0
0
0
0
0
0
0
0
0
0
0.316906
-7.26205
0
0
0
-0.723118
0
0
0
0
0
0
0
0
0
0
0
-0.227833
0
0.698271
0
0
0
0
0
0
0.422058
-0.68209
0
0
0
0
0
0
0
0
0
0
0
0
0
0
0.403087
-1.04788
0.389223
0
-0.250229
0
0
0
0
0
0
-0.640125
0
0
0
0
0
-0.949756
0.220327
0
0
0
-0.168061
0
0.401228
0.629217
0
0
0
0.376658
0
0
0
0
0
0
-1.04464
0
-1.0305
0
0
0
0
0
0
0
0
0
0
-0.892517
0
0
0
0
-0.457664
0
0
0
0
-0.750413
0
0
0
0
0
0
0
0
0
0
0
0
0
0
0
0
0
0
0
0
0
0
0
0
0
0
0
0
0
0
0
0
0
0
0
0
0
0
0
0
0
0
0
0
0
0
0
0
0
0
0
0
0
0
0
0
0
0
0
0
0
0
0
0
0
0
-8.81364
0
0
-7.27728
0
0
0
0
0
2.41068
0
0
4.37266
-3.14777
0
0
0
-3.83013
0
0
0
0
0
0
3.79498
0
0
0
0
-7.22071
0
0
0
0
0
0
0
0
-0.870092
0
0
0
0
0
0
0
-0.887516
0
0
0
0
0
-0.375724
0
-1.03072
0
-0.812778
0
0
0
0
-0.377548
0
0.656209
0
0
0
0
0
0
0
0
-0.569156
0
0
0
0
-0.282063
0
0
0
0
0.607718
-1.8209
0
0
-0.396813
0
0
0.206512
0.318755
0
0
-1.01051
0
0
-0.603328
0
0
-2.16674
0
0
-2.25784
0.751959
-3.13368
0
0
0
0
0
0
0
0
0
0
0
0
0
0
0
0
0
0
0
0
0
0
0
0
0
0
0
0
0
0
0
0
0
0
0
0
0
0
0
0
0
0
0
0
0
0
0
0
0
0
0
0
0
0
0
0
0
0
0
0
0
0
0
0
0
0
0
0
0
0
0
0
0
0
0
0
0
0
0
0
0
0
0
0
0
0
0
0
0
-4.90789
0
0
0
-4.03302
0
0
0
0
0
0
0
0
0
0
0
0
0
0
0
0
0
0
0
0
0
0
0
0
0
0
0
0
0
0
0
0
0
0
0
0
0
0
-0.621231
-0.847273
0
-0.155417
0
0
-1.55145
0
0
-0.726415
0
0
0.546158
0
0
0
-0.84464
0
0
0
0
0
-1.55534
0
0
-0.45349
0
0
-0.301901
0
0
0
-0.384636
0
0
0
0
0
0
0
0
0
0
0
0
0
0
0
0
0
0
0
0
0
0
0
0
0
0
0
0
0
0
0
0
0
0
0
0
0
0
0
0
0
0
0
0
0
0
0
0
0
0
0
0
0
0
0
0
0
0
0
0
0
0
0
0
0
0
0
0
0
0
0
0
0
0
0
0
0
0
0
0
0
0
0
0
0
0
0
0
0
0
0
0
0
0
0
0
0
0
0
0
0
0
0
0
0
0
0
0
0
0
0
0
0
0
0
0
0
0
0
0
0
0
0
0
0
0
0
0
0
0
0
0
0
0
0
0
0
0
0
0
0
0
0
-0.328219
0
-0.278124
0
0
0
0
0
1.0669
0
0
-0.521339
0
0
0
0
0
0
0
0
0
0.649221
0
0
1.0015
-0.573169
0
0
0
0
0
0
0
0
0
0
0
0
0
0
0
0
0
0
0
0
0
0
0
0
0
0
0
0
0
0
0
0
0
0
0
0
0
0
0
0
0
0
0
0
0
0
0
0
0
0
0
0
0
0
0
0
0
0
0
0
0
0
0
0
0
0
0
0
0
0
0
0
0
0
0
0
0
0
0
0
0
0
0
0
0
0
0
0
0
0
0
0
0
0
0
0
0
0
0
0
0
0
0
0
0
0
0
0
0
0
0
0
0
0
0
0
0
0
0
0
0
0
0
0
0
0
0
0
0
0
0
0
0
0
0
0
0
0
0
0
0
0
0
0
0
0
-1.81762
0
0
0
-0.988433
0
0
0
0
0
0
0
0.676039
0
0
0
-0.504268
0
0
0
-0.533466
0
0
0.289587
0
0
-1.38956
0
0
-0.309125
0
0
0
0
0
-0.227038
-0.349424
0
-0.369869
0
0
0
-1.36584
-0.496014
0
0
0
0.501821
0
0
0
0
0
0
0
0
0
0
0
0
0
0
0
0
0
0
0
0
0
0
0
0
0
0
0
0
0
0
0
0
0
0
0
0
0
0
0
0
0
0
0
0
0
0
0
0
0
0
0
0
-1.73658
0
0
0
0
0
0.274368
0
0
0
0
0
0
0
0
-0.664377
0
0
0
0
0
0
0
0
0
0
0
0
0
0
0
0
0
0
0
0
0
0
0
0
0
0
0
0
0
0
0
0
0
0
0
0
0
0
0
0
0
0
0
0
0
-0.347529
0
0
0
0
-0.566327
0
0
0
-0.984101
0
0.670849
-0.458925
0
0
0.323375
0
0
0
-0.531123
0
0
0.2877
0
0
-1.43761
0
0
-0.292784
0
0
0
-0.153317
0
0
-0.701008
0
0
0
0
0
-1.85435
-0.317903
0
0
0.47927
0
0
0
0
0
-1.05876
-0.226047
0
0
0
0
-2.01761
-0.444746
0
0
0
0
0
0
0
0
0
0
0
0
0
0
0
0
0
0
0
0
0
0
0
0
0
0
0
0
0
0
0
0
0
0
0
0
0
0
0
0
0
0
0
0
0
0
0
0
0
0
0
0
0
0
0
0
0
0
0
0
0
0
0
0
0
0
0
0
0
0
0
0
0
0
0
0
0
0
0
0
0
0
0
0
0
0
0
0
0
0
0
0
0
0
0
0
0
0
0
0
0
0
0
0
0
0
0
0
0
0
0
0
0
0
0
0
0
0
0
0
0
0
-0.550331
0
0
0
0
0
0
0
0
0
0
0
0
0
-1.07731
0
0
0
0
0
-1.51572
0
0
0
0
0
-0.571184
0
0
0
-0.511335
0.328266
0
0.136843
0
0
-2.12992
-0.46788
0
-0.102874
0
0
0
-0.559026
0
0
-1.09156
0
0
0
0
0
-1.54677
0
0
0
0
0
0
0
0
0.566237
0
0
0
0
0
0
0
0
0
0
0
0
0
0
0
0
0
0
0
0
0
0
0
0
0
0
0
0
0
0
0
0
0
0
0
0
0
0
0
0
0
0
0
0
0
0
0
0
0
0
0
0
0
0
0
0
0
0
0
0
0
0
0
0
0
0
0
0
0
0
0
0
0
0
0
0
0
0
0
0
0
0
0
0
0
0
0
0
0
0
0
0
0
0
0
0
0
0
0
0
0
0
0
0
0
0
0
0
0
0
0
0
0
0
0
0
0
0
0
0
0
0
0
0
0
0
0
0
-1.05259
0
-0.485068
0.249073
0
0.335772
-1.98621
0
0
-0.520977
0
0
0
0
0
0
0
0
0
0.56622
0
0
-1.87506
0
-0.324974
0
0
0
0
0
0
0
0
0
0
0
0
0
0
0
0
0
0
-0.320699
0
0
0
0
0
0
0
0
0
0
0
0
0
0
0
0
0
0
0
0
0
0
0
0
0
0
0
0
0
0
0
0
0
0
0
0
0
0
0
0
0
0
-1.70238
0
0
0
0
0
0
0
0
0
0
0
0
0
0
0
0
0
0
0
0
0
0
0
0
0
0
0
0
0
0
0
0
0
0
0
0
0
0
0
0
0
0
0
0
0
0.297754
0
-5.83091
0
0
0
0
0.699822
0
0
0
0
0
0
0
0
0
0
0
0
0
0
0
0
0
0
0
0
0
0
0
0
0
0
0
0
0
0
0
0
0
0
0
0
-0.45925
-0.209232
0
0
0
0
-1.59893
0
0
0
0
0
0
0
0
0.2018
-0.440526
0
0
0.477171
0.27622
0
-0.934814
0
0
-0.521071
0
0
0
0
0
-0.34463
-0.524024
0
0
0
0
0
-0.444565
-0.745187
0
0
0
0.748179
-0.357594
0
0
0
0
0
0
0
0
0
0
0
0
0
0
0
0
0
0
0
0
0
0
0
0
0
0
0
0
0
0
0
0
0
0
0
0
0
0
0
0
0
0
0
0
0
0
0
0.72584
0
0
0
-5.27895
0
0
0
0
0
0
0
0
0
0
0
0
0
0
0
0
0
0
0
0
0
0
0
0
0
0
0
0
0
0
0
0
0
0
0
0
0
0
0
0
0
0
0
0
0
0
0
0
0
0
0
0
0
0
0
0
0
0
0
0
0
0
0
0
0.71906
-0.86606
0
0
0
-0.474023
0
0.55661
0
0
0
0.375542
0
0
0
-0.762032
0
0
0
-0.285133
0.430698
-0.464133
0
0
0
0.578623
0
0
0
0
0
0
0
0
0
0
0.923525
0
0
0
0
0.410262
-0.661191
0
0
0
0
0
0
0
0
0
0
0
0
0
0
0
0
0
0
0
0
0
0
0
0
0
0
0
0
0
0
0
0
0
0
0
0
0
0
0
0
0
0
0
0
0
0
0
0
0
0
0
0
0
0
0
0
0
0
0.439322
0
0
0
1.06062
0
0
0
0
0
0
0
0
0
0
0
0
0
0
0
0
-0.964781
-0.389627
0
0
0
0
0
0
0
0
0
0
0
0
0
0
0
0
0
0
0
0
0
0
0
0
0
0
0
0
0
0
0
-0.812654
0
0
0
0
0
0
0
0
0
0
0
0
0
0
0
0
0
0
0
0
0
0
0
0
0
0
0
0
0
0
0
0
0
0
0
-0.582285
0.320762
0
0
0
0
-1.05711
0
0
0
0
0
0
0
0
0
0
0
0
0
0
0
-2.05962
0
0
-3.76602
0
0
0
0
0
0
0
0
0
0
0
0
0
0
0
0
0
-0.770618
-5.84533
0
0
0
0
0
0
0
0
0
0
0
0
0
0
0
0
0
0
0
0
0
0
0
0
0
0
0
0
0
0
0
0
0
0
0
0
0
0
0
0
0
0
0
0
0
0
0
0
0
0
0
0
0
0
0
0
0
0
0
0
0
0
0
0
0
0
0
0
0
0
0
0
0
0
0
0
0
0
0
0
0
0
0
0
0
0
0
0
0
0
0
0
0
0
0
0
0
-0.433287
0
0
0
0
0
1.00486
0
0
0
0
0
0
0
0
0
0
0
0
-2.14133
0
0
0
0
0
0
1.39997
0
0.648765
0
0
0
0
0
-0.523724
0
0
0
0
0
-1.71561
0
0
0
0
0
0
-4.86378
0
0
0
0
0
0
0
0
-2.03461
0
0.257615
0
0
0
0.41043
0
0
-0.674251
0
0
0
0
0
0
-1.90132
0
0.372939
0.526049
0
0
0
0
0
0
0
0
0
0
0
0
0
0
0
0
0
0
0
0
0
0
0
0
0
0
0
0
0
0
0
0
0
0
0
0
0
0
0
0
0
0
0
0
0
0
0
0
0
0
0
0
0
0
0
0
0
0
0
0
0
0
0
0
0
0
0
0
-0.282904
-0.417769
0
0
0
0
0
0
0
0
0
0
0
0
0
0.491191
0
0
0
-0.49561
0
0
0
0
0
0
0
0
0
0
0
0.537753
-0.8739
0
0
0
0
0
0.25813
0
-5.84242
0
0
0
0
0
0.913568
0
0
0
-0.631618
0
0
0
0
0
0
0
0
0
0
0
0
0
0
0
-0.679275
0
0
0
0
0
0
0
0
-0.42795
0
0
0
0
0
0
0
0
0
0
0
0
-5.77703
0
-0.282449
0
0
0
0
0
0
0
0
0
0
0
0
0
0
0
0
0
0
0
0
0
0
0
0
0
0
0
0
0
0
0
0
0
0
0
0
0
0
0
0
0
0
0
0
0
0
0
0
0
0
0
0
0
0
0
0
0
0
0
0
0
0
0
0
0
0
0
0
0
0
0
0
0
0
0
-0.374237
0
0
0
0
0
0
0
0
0
0
0
-0.466853
0
-0.298602
0
0
0
-1.61012
0
0
0
0
0
0
0
0
0
-0.179296
-0.328686
0
0
0
0
-7.3563
0
0
-0.371708
0.157979
0
0
0
0
0.363622
-0.422477
0
0
0
0
0
-1.77249
0
0
-0.543093
0
0
0
0
0
-0.269586
-0.549368
0
0
0
0
0
0
0
0
0
0
0
0.863849
0
0
0
0
0
0
0
0
0
0
0
0
0
0
0
0
0
0
0
0
0
-0.388849
0
0
0
-2.02211
-0.418338
0
0
0
0
0
0
0
0
0
0
0
0
0
0
-1.38206
0
0
0.61931
0
1.59593
0
0
0
0
0
0
0
0
0
0
0
0
0
0
0
0
0
0
0
0
0
0
0
0
0
0
0
0
0
0
0
0
0
0
0
0
0
0
0
0
0
0
0
0
0
0
0
0
0
0
0
0
0
0
0
0
0
0
0
0
0
0
0
0
0
0
0
0
0
0
0
0
0
0
0
0
0
0
0
0
0
0
0
0
0
0
0
0
0
0
0
0
0
0
0
0
0
0
0
0
0
0
0
0
0
0
0
0
0
0
0
0
0
0
0
0
0
0
0
-1.56589
-1.22657
0
0
0
0.247337
0.558546
0
0
0
0
0
0
0
0
-0.368023
0
0
0
-2.01971
-0.471101
0
0
0
0
0
0
0
0
-0.321269
0
0
0.308335
0
0
-0.786463
0
0
0
0
0
0
0
0
0
0
0
0
0
0
0
-0.987886
0
0
-0.904044
0
0
0
0
0
0
0
0
0
0
0
0
0
0
0
0
0
0
0
0
0
0
0
0
0
0
0
0
0
0
0
0
0
0
0
0
0
0
0
0
0
0
0
0
0
0
0
0
0
0
0
0
0
0
0
0
0
0
0
0
0
0
0
0
0
0
0
0
0
0
0
0
0
0
0
0
0
0
0
0
0
0
0
0
0
0
0
0
0
0
0
0
0
0
0
0
0
0
0
0
0.857542
0
0
0
0
0
0
0
-0.576259
-5.63463
0
0
0
-5.06311
0
0
0
0
-0.524336
0
0
0
0
0
-0.933565
0
0
-0.361189
0
0
0.305769
0
0
0
0
-0.5243
0
0
0
0
0
0
0.249581
0
0
0
0
