1.23735
-0.699831
0.119757
-0.657271
0.694694
-0.0311238
-0.879652
0.216082
3.46962
-3.21998
2.97034
-3.21998
-3.19726
2.80168
-3.19726
3.59284
5.37238
-1.79079
-1.79079
-1.79079
5.37238
-1.79079
-1.79079
-1.79079
5.37238
-1.79079
-1.79079
-1.79079
-1.79079
5.37238
-1.79079
-1.79079
5.37238
-1.79079
-1.79079
-1.79079
3.77455
2.5078
-3.14117
-3.14117
2.37676
0.759077
1.23498
-4.37082
0.0583065
0.473945
-0.372005
-0.160246
-0.145448
-0.659254
-0.0695347
0.874237
-3.64083
-3.64083
2.93564
4.34602
-5.15453
1.72688
0.849361
2.57828
-2.05124
-2.05124
-2.05124
6.15371
2.11113
-5.30405
1.47588
1.71704
-2.05124
-2.05124
-2.05124
6.15371
-2.05124
-2.05124
-2.05124
6.15371
-2.05124
-2.05124
-2.05124
6.15371
1.27469
1.09841
-5.11219
2.73908
-5.18593
1.3751
1.24056
2.57027
3.4723
-3.73852
4.00475
-3.73852
-0.329653
-0.590667
0.394266
0.526055
-0.227265
0.290929
-0.679673
0.616009
2.42863
0.502015
2.21632
-5.14696
-2.06128
6.18384
-2.06128
-2.06128
3.17296
-0.336501
1.95439
-4.79085
-3.74697
3.40216
-3.74697
4.09177
1.25738
-1.14731
1.24489
-1.35495
-2.06128
-2.06128
-2.06128
6.18384
-2.06128
-2.06128
6.18384
-2.06128
-3.69342
3.10229
-3.69342
4.28455
1.70335
-5.31326
2.23108
1.37883
-0.896236
0.336175
-0.343973
0.904034
0.127604
-0.283072
0.71273
-0.557262
-0.292827
-0.348943
0.233297
0.408472
2.4644
1.54539
1.87789
-5.88768
-2.25558
-2.25558
-2.25558
6.76674
-2.25558
-2.25558
-2.25558
6.76674
-2.25558
-2.25558
6.76674
-2.25558
-2.25558
6.76674
-2.25558
-2.25558
0.959917
-1.04471
0.21252
-0.127725
1.43936
2.1605
-5.89497
2.29511
4.31785
3.99877
-4.15831
-4.15831
6.76674
-2.25558
-2.25558
-2.25558
-5.91438
1.96907
1.63312
2.31219
0.297944
0.292248
-0.559885
-0.0303076
2.26484
3.14036
-5.98028
0.575079
7.14123
-2.38041
-2.38041
-2.38041
-0.0678871
0.202791
0.526194
-0.661098
2.23912
2.46924
1.55744
-6.2658
7.14123
-2.38041
-2.38041
-2.38041
0.528531
0.643966
0.318713
-1.49121
2.44141
2.48139
-6.22179
1.29899
0.829815
-0.0693001
0.00525537
-0.76577
0.221655
0.39431
-0.368898
-0.247067
2.59403
1.48829
2.16219
-6.24452
1.93172
2.63885
1.68251
-6.25308
7.14123
-2.38041
-2.38041
-2.38041
-0.126383
2.08831
-1.13268
-0.829249
-2.43653
7.3096
-2.43653
-2.43653
2.20367
-1.9679
-0.629692
0.393927
-1.42095
2.04092
1.67905
-2.29902
-0.19762
1.04645
-1.66135
0.812514
7.3096
-2.43653
-2.43653
-2.43653
-2.43653
-2.43653
7.3096
-2.43653
4.36171
-4.52026
4.67881
-4.52026
-0.827716
-2.7615
2.07573
1.51349
-2.43653
-2.43653
7.3096
-2.43653
-1.36821
-1.95394
3.02967
0.292472
0.302015
2.23491
-2.03171
-0.505213
-0.366514
0.178749
-0.132503
0.320268
-0.535668
0.352211
-0.0580838
0.241541
-0.590637
0.634416
-0.22353
0.179751
-2.43452
-2.43452
-2.43452
7.30356
-2.43452
-2.43452
-2.43452
7.30356
-2.43452
-2.43452
-2.43452
7.30356
-6.44646
2.54932
1.861
2.03614
-4.51868
4.64248
-4.51868
4.39488
1.22845
2.49699
-6.35582
2.63038
-0.60716
0.422459
-0.537215
0.721916
-6.41634
2.38693
1.52496
2.50445
-0.410845
0.352422
-0.380935
0.439359
-0.410411
0.00863695
-0.0675487
0.469322
-0.380325
0.0164281
-0.090786
0.454683
-0.506671
0.224428
-0.168359
0.450602
3.11657
-3.79816
-3.79816
4.47976
-2.12638
-2.12638
-2.12638
6.37914
-2.12638
-2.12638
-2.12638
6.37914
-5.49325
1.82793
1.32894
2.33638
-5.49015
2.0772
1.20689
2.20606
1.34211
1.86461
-5.50057
2.29384
1.447
-5.45171
1.47093
2.53377
-5.52515
1.73185
1.56826
2.22504
-0.458882
0.183046
-0.339694
0.61553
-0.499644
0.230994
0.262862
0.0057878
-0.656465
0.331316
-0.302974
0.628123
-0.254038
1.68458
0.572698
-2.00324
6.99603
-2.33201
-2.33201
-2.33201
6.99603
-2.33201
-2.33201
-2.33201
-2.33201
-2.33201
6.99603
-2.33201
-2.33201
-2.33201
6.99603
-2.33201
3.15596
-4.11574
-4.11574
5.07552
-5.56798
3.6031
1.5565
0.408374
6.99603
-2.33201
-2.33201
-2.33201
-0.0337042
0.296679
0.0391674
-0.302142
0.109846
0.129295
0.183345
-0.422486
-0.0466237
0.0914466
0.0971937
-0.142017
1.9243
-5.57623
1.86743
1.78451
3.73783
-3.91329
4.08874
-3.91329
-2.13371
-2.13371
-2.13371
6.40113
-2.13371
-2.13371
6.40113
-2.13371
6.40113
-2.13371
-2.13371
-2.13371
-3.9197
3.99015
3.84925
-3.9197
-2.13371
-2.13371
-2.13371
6.40113
-2.13371
6.40113
-2.13371
-2.13371
6.40113
-2.13371
-2.13371
-2.13371
-5.57051
2.04232
1.80161
1.72658
0.475618
0.462894
-1.32279
0.384273
0.070695
0.0215434
0.338302
-0.43054
1.82882
-5.68325
1.8483
2.00612
-2.16979
-2.16979
6.50936
-2.16979
-2.16979
-2.16979
6.50936
-2.16979
-2.16979
-2.16979
6.50936
-2.16979
0.607222
2.44436
-5.475
2.42341
-2.16979
-2.16979
6.50936
-2.16979
-3.99261
-3.99261
4.03617
3.94904
-2.16979
-2.16979
6.50936
-2.16979
-3.73615
-3.73615
4.83856
2.63375
-3.93851
4.41428
-3.93851
3.46273
-0.569034
0.593621
-0.241482
0.216895
0.0889079
-0.0971144
0.104615
-0.0964085
0.0593087
-0.0376442
0.196026
-0.217691
-0.0958036
0.323322
0.0103101
-0.237829
-2.35915
7.07745
-2.35915
-2.35915
7.07745
-2.35915
-2.35915
-2.35915
1.50963
2.66369
-6.16963
1.99631
1.9983
-6.1699
2.66225
1.50935
1.37629
-3.60045
-3.60045
5.8246
-2.35915
-2.35915
7.07745
-2.35915
-0.239003
0.00723578
0.327807
-0.09604
-0.217215
0.197956
-0.0389091
0.0581677
-0.092032
0.107584
-0.0966086
0.0810561
-0.14532
0.270813
-0.00157794
-0.123916
0.25933
-0.156854
0.00355115
-0.106028
2.2488
1.96907
2.54375
-6.76162
-2.53536
7.60608
-2.53536
-2.53536
7.60608
-2.53536
-2.53536
-2.53536
-4.51595
3.53889
5.49302
-4.51595
-2.53536
7.60608
-2.53536
-2.53536
-2.53536
-2.53536
-2.53536
7.60608
-2.53536
-2.53536
7.60608
-2.53536
-4.72233
4.80814
-4.72233
4.63652
-4.71901
4.57512
-4.71901
4.8629
-0.19914
0.167495
0.0246628
0.00698258
0.12198
-0.0999916
0.449464
-0.471452
-0.0364622
0.0248983
0.21561
-0.204046
4.89553
-4.79712
4.6987
-4.79712
4.66854
-4.79551
4.92249
-4.79551
-2.57304
7.71913
-2.57304
-2.57304
7.71913
-2.57304
-2.57304
-2.57304
-2.57304
-2.57304
7.71913
-2.57304
-4.62804
5.50434
3.75173
-4.62804
-2.57304
-2.57304
-2.57304
7.71913
-2.57304
-2.57304
7.71913
-2.57304
-0.639844
0.44393
0.0303972
0.165517
-0.178618
0.03071
0.0680685
0.07984
-0.163764
-0.0520024
-0.193973
0.409739
-5.69957
2.00974
1.52153
2.1683
-4.02014
4.00177
-4.02014
4.0385
-2.18336
6.55007
-2.18336
-2.18336
2.01544
1.55735
-5.70458
2.13179
-3.96985
-3.96985
3.51339
4.42631
-2.18336
-2.18336
-2.18336
6.55007
-5.72032
1.78902
1.85064
2.08066
-5.65689
2.1057
1.24986
2.30133
-2.18336
6.55007
-2.18336
-2.18336
1.76885
1.75291
-5.71045
2.1887
-0.211204
-0.0310774
-0.172489
0.41477
-0.15135
0.10889
0.398166
-0.355706
0.0204749
-0.0199168
0.334905
-0.335463
-0.524914
0.607932
0.253021
-0.336039
-2.2142
6.6426
-2.2142
-2.2142
4.63784
-3.98101
-3.98101
3.32418
-3.97237
4.65869
-3.97237
3.28604
3.19317
-3.95045
4.70772
-3.95045
-2.2142
-2.2142
-2.2142
6.6426
-2.2142
-2.2142
6.6426
-2.2142
-0.339303
0.25643
0.565007
-0.482134
-0.371003
0.328079
0.00337187
0.0395515
-0.437174
0.422458
0.0905137
-0.0757971
-0.470959
0.36296
-0.148478
0.256477
-5.19728
2.06954
1.36657
1.76117
-2.01702
6.05107
-2.01702
-2.01702
-2.01702
6.05107
-2.01702
-2.01702
1.45463
1.81853
-5.21232
1.93916
-5.2102
1.98424
1.45421
1.77174
-3.67382
3.90994
-3.67382
3.4377
-3.6742
3.90701
-3.6742
3.44138
-3.67888
3.86651
-3.67888
3.49124
-2.01702
6.05107
-2.01702
-2.01702
1.39891
2.05604
-5.20096
1.74601
-0.33812
0.355933
-0.0668764
0.0490633
-1.34751
0.41893
0.367787
0.560795
-4.80125
2.5285
0.944952
1.3278
-3.46817
3.9446
-3.46817
2.99174
3.26692
-3.50844
-3.50844
3.74997
-1.93462
-1.93462
-1.93462
5.80387
-1.93462
-1.93462
-1.93462
5.80387
-1.93462
-1.93462
5.80387
-1.93462
-1.93462
-1.93462
-1.93462
5.80387
-4.79617
1.83187
0.569803
2.3945
1.25466
1.91814
-4.95191
1.77911
-4.77658
1.78728
0.531693
2.4576
-0.726491
0.208234
0.235263
0.282994
-0.291071
-0.0599295
0.00644553
0.344555
-0.407407
-0.055043
0.0484814
0.413969
-0.212627
0.177311
-0.10783
0.143146
-2.27325
-2.27325
-2.27325
6.81976
-2.27325
-2.27325
-2.27325
6.81976
-2.27325
-2.27325
-2.27325
6.81976
-0.55208
0.375351
0.140655
0.0360729
3.92865
-4.18388
-4.18388
4.43911
-0.186481
-0.361398
0.272696
0.275183
-0.140084
0.239987
-0.211484
0.111581
4.04045
-4.19411
-4.19411
4.34777
-0.369961
-0.11091
0.256495
0.224376
0.162236
-0.445063
0.00850835
0.274318
-4.34607
5.21097
3.48117
-4.34607
-2.43006
7.29017
-2.43006
-2.43006
4.82863
-4.48453
-4.48453
4.14044
-2.43006
-2.43006
7.29017
-2.43006
1.43954
2.57835
-6.38571
2.36782
-4.50932
4.37875
-4.50932
4.63989
-0.29659
0.33071
-0.307809
0.27369
-0.067716
0.0679749
0.113142
-0.113401
2.45299
-6.44715
2.06844
1.92571
2.05394
-6.45139
2.42376
1.97369
-2.43006
7.29017
-2.43006
-2.43006
0.020157
-0.144718
0.41029
-0.285729
0.36185
-0.144384
0.800295
-1.01776
-0.594398
0.327827
-0.517107
0.783678
-2.26569
6.79708
-2.26569
-2.26569
6.79708
-2.26569
-2.26569
-2.26569
-2.26569
6.79708
-2.26569
-2.26569
-2.26569
-2.26569
6.79708
-2.26569
-2.26569
-2.26569
-2.26569
6.79708
-2.26569
-2.26569
6.79708
-2.26569
2.56279
-5.86185
2.12125
1.17781
-1.15083
0.879505
-0.050988
0.322317
-0.248127
0.41343
-0.202391
0.0370886
-0.161237
0.195142
0.213132
-0.247037
1.40222
2.27897
2.02974
-5.71093
-0.142598
0.582969
0.00925161
-0.449623
6.58201
-2.194
-2.194
-2.194
-2.194
-2.194
6.58201
-2.194
-2.194
-2.194
6.58201
-2.194
-2.194
6.58201
-2.194
-2.194
-2.194
6.58201
-2.194
-2.194
-5.49736
2.4966
0.44806
2.5527
-0.0541949
0.172386
0.157493
-0.275684
1.75314
-5.67638
2.5112
1.41203
1.38634
1.95558
2.35931
-5.70123
