0.665945
-0.261797
-0.155256
-0.248893
0.0227651
0.0369082
-0.998972
0.939298
3.68239
-3.29006
2.89774
-3.29006
-3.50756
3.59806
-3.50756
3.41705
5.33608
-1.77869
-1.77869
-1.77869
5.33608
-1.77869
-1.77869
-1.77869
5.33608
-1.77869
-1.77869
-1.77869
-1.77869
5.33608
-1.77869
-1.77869
5.33608
-1.77869
-1.77869
-1.77869
3.732
2.56684
-3.14942
-3.14942
2.13926
0.833661
1.47398
-4.44691
-0.0352328
0.322558
-0.193048
-0.0942769
0.00885417
-0.237407
-0.131522
0.360075
-3.72742
-3.72742
3.2517
4.20314
-4.99435
0.790089
1.47534
2.72892
-2.04794
-2.04794
-2.04794
6.14381
2.24679
-5.24882
1.70389
1.29814
-2.04794
-2.04794
-2.04794
6.14381
-2.04794
-2.04794
-2.04794
6.14381
-2.04794
-2.04794
-2.04794
6.14381
1.60209
0.776368
-5.07053
2.69207
-5.30075
1.2718
1.6177
2.41125
3.51616
-3.73041
3.94467
-3.73041
-0.587287
-0.641851
0.761861
0.467276
0.311505
0.532382
-0.543927
-0.299959
2.31802
1.07774
1.55193
-4.9477
-2.05117
6.1535
-2.05117
-2.05117
4.62353
-3.8571
2.62106
-3.38749
-3.62341
3.07995
-3.62341
4.16687
0.481462
-0.200373
1.13956
-1.42065
-2.05117
-2.05117
-2.05117
6.1535
-2.05117
-2.05117
6.1535
-2.05117
-3.70244
3.15013
-3.70244
4.25474
0.986277
-5.30937
2.15514
2.16795
-0.510273
0.113154
-0.458554
0.855673
-0.189823
-0.0379597
0.675518
-0.447736
-0.27092
-0.053706
0.261792
0.0628345
2.42815
1.14661
2.31899
-5.89376
-2.25434
-2.25434
-2.25434
6.76302
-2.25434
-2.25434
-2.25434
6.76302
-2.25434
-2.25434
6.76302
-2.25434
-2.25434
6.76302
-2.25434
-2.25434
0.573127
-0.813585
0.207573
0.0328857
1.14684
2.8608
-6.12059
2.11295
3.9745
4.92522
-4.44986
-4.44986
6.76302
-2.25434
-2.25434
-2.25434
-5.91204
2.42323
1.26275
2.22605
0.0986382
0.31848
-0.271238
-0.145879
2.78545
2.72395
-6.37613
0.866741
7.1187
-2.3729
-2.3729
-2.3729
-2.1765
1.11359
0.970073
0.0928378
0.820557
3.28329
2.28404
-6.38789
7.1187
-2.3729
-2.3729
-2.3729
0.705379
0.285515
0.554992
-1.54589
2.09069
3.61187
-6.55482
0.852255
0.18817
-0.812833
1.61734
-0.992676
0.0939601
-0.195199
0.392146
-0.290907
2.08577
1.36942
2.32507
-5.78026
2.44278
2.43565
1.10132
-5.97974
7.1187
-2.3729
-2.3729
-2.3729
-0.00457088
2.00272
-0.965438
-1.03271
-2.4357
7.30709
-2.4357
-2.4357
1.75664
-1.67689
-0.0652338
-0.0145151
-1.62368
1.67482
1.8205
-1.87163
0.0172312
0.77018
-1.59017
0.802755
7.30709
-2.4357
-2.4357
-2.4357
-2.4357
-2.4357
7.30709
-2.4357
4.56268
-4.58473
4.60679
-4.58473
-0.608539
-2.0088
1.3583
1.25905
-2.4357
-2.4357
7.30709
-2.4357
-0.565926
-3.30022
3.06867
0.797473
0.528064
2.12458
-2.21769
-0.434955
-0.232337
0.361489
-0.214379
0.0852269
-0.379665
0.349362
0.011571
0.018732
-0.444804
0.221424
0.22901
-0.00563001
-2.40082
-2.40082
-2.40082
7.20245
-2.40082
-2.40082
-2.40082
7.20245
-2.40082
-2.40082
-2.40082
7.20245
-6.58907
2.56639
1.79146
2.23121
-4.59465
4.56345
-4.59465
4.62586
1.72899
2.1994
-6.41673
2.48834
-0.917762
0.218836
0.20793
0.490997
-6.55734
2.24723
2.1402
2.16991
-0.2663
0.247613
-0.140207
0.158894
-0.382334
-0.0684564
0.257798
0.192992
-0.981909
0.435617
-0.0405642
0.586856
-0.883647
0.208386
0.291616
0.383645
2.81144
-5.23078
-5.23078
7.65012
-2.06029
-2.06029
-2.06029
6.18088
-2.06029
-2.06029
-2.06029
6.18088
-5.6475
2.25785
1.1049
2.28475
-5.42787
4.21383
3.49259
-2.27856
1.14291
2.71254
-5.61437
1.75892
1.45731
-5.69473
2.61663
1.62078
-5.30828
1.6505
1.54262
2.11515
-0.464011
0.0555533
-0.0844312
0.492889
-0.5552
0.316162
0.254275
-0.0152372
-0.842361
0.361607
0.0379138
0.442841
-0.257983
1.47682
0.824741
-2.04358
6.99516
-2.33172
-2.33172
-2.33172
6.99516
-2.33172
-2.33172
-2.33172
-2.33172
-2.33172
6.99516
-2.33172
-2.33172
-2.33172
6.99516
-2.33172
3.11017
-4.10268
-4.10268
5.09519
-5.51587
3.65781
0.745928
1.11213
6.99516
-2.33172
-2.33172
-2.33172
0.0547776
0.376606
-0.0912584
-0.340125
-0.00232579
0.136635
0.448736
-0.583046
-0.168521
0.372383
-0.12202
-0.0818428
1.88064
-5.68307
1.87179
1.93064
3.82729
-3.94322
4.05914
-3.94322
-2.13317
-2.13317
-2.13317
6.3995
-2.13317
-2.13317
6.3995
-2.13317
6.3995
-2.13317
-2.13317
-2.13317
-3.86244
4.05764
3.66724
-3.86244
-2.13317
-2.13317
-2.13317
6.3995
-2.13317
6.3995
-2.13317
-2.13317
6.3995
-2.13317
-2.13317
-2.13317
-5.59826
2.0095
1.83221
1.75654
0.301849
0.304945
-0.86951
0.262716
-0.00407182
0.0479949
0.483167
-0.52709
1.84244
-5.77825
1.94969
1.98613
-2.17102
-2.17102
6.51305
-2.17102
-2.17102
-2.17102
6.51305
-2.17102
-2.17102
-2.17102
6.51305
-2.17102
1.17805
2.19825
-5.69011
2.31381
-2.17102
-2.17102
6.51305
-2.17102
-4.0925
-4.0925
4.18302
4.00197
-2.17102
-2.17102
6.51305
-2.17102
-3.94452
-3.94452
4.62489
3.26416
-3.84763
4.50845
-3.84763
3.18682
-0.416742
0.547823
-0.177193
0.0461122
-0.048978
0.333633
-0.278017
-0.00663808
-0.136339
0.0435568
0.287801
-0.195019
-9.52512e-05
0.149413
0.344043
-0.493361
-2.35624
7.06873
-2.35624
-2.35624
7.06873
-2.35624
-2.35624
-2.35624
1.34877
2.43061
-6.24859
2.46921
2.30333
-6.22857
2.24927
1.67597
-2.43844
-2.32331
-2.32331
7.08506
-2.35624
-2.35624
7.06873
-2.35624
-0.156157
0.361596
0.132122
-0.337562
-0.142902
0.464068
-0.258866
-0.0622999
-0.00183257
-0.271713
0.316654
-0.0431085
-0.140497
0.2221
-0.013036
-0.068567
0.0325801
0.0806314
0.409944
-0.523155
2.37239
1.91908
2.59913
-6.8906
-2.53488
7.60463
-2.53488
-2.53488
7.60463
-2.53488
-2.53488
-2.53488
-4.66907
4.00075
5.33738
-4.66907
-2.53488
7.60463
-2.53488
-2.53488
-2.53488
-2.53488
-2.53488
7.60463
-2.53488
-2.53488
7.60463
-2.53488
-4.79244
4.84478
-4.79244
4.74009
-4.88075
4.90867
-4.88075
4.85284
-0.0206155
-0.199505
0.278864
-0.0587437
-0.148764
0.177347
0.416879
-0.445462
-0.173722
0.0299277
0.242114
-0.0983193
5.12286
-4.90418
4.6855
-4.90418
4.49554
-4.72993
4.96432
-4.72993
-2.57343
7.7203
-2.57343
-2.57343
7.7203
-2.57343
-2.57343
-2.57343
-2.57343
-2.57343
7.7203
-2.57343
-4.79326
5.33457
4.25195
-4.79326
-2.57343
-2.57343
-2.57343
7.7203
-2.57343
-2.57343
7.7203
-2.57343
-0.781407
0.739606
-0.185287
0.227089
-0.219765
0.111152
0.264225
-0.155612
-0.197759
0.156572
-0.480837
0.522025
-5.82818
1.69395
2.03217
2.10207
-4.01672
4.0405
-4.01672
3.99295
-2.18436
6.55309
-2.18436
-2.18436
1.90105
2.13981
-5.90091
1.86005
-4.01224
-4.01224
3.68936
4.33512
-2.18436
-2.18436
-2.18436
6.55309
-5.78655
2.0791
1.92161
1.78584
-5.68388
2.06143
1.58014
2.04232
-2.18436
6.55309
-2.18436
-2.18436
1.75159
1.71174
-5.78968
2.32635
-0.0404299
-0.124161
-0.270761
0.435352
-0.199098
0.41695
0.196124
-0.413976
-0.0694008
-0.159866
0.534674
-0.305408
-0.285246
0.540556
0.421437
-0.676748
-2.2122
6.6366
-2.2122
-2.2122
4.65654
-3.94537
-3.94537
3.2342
-3.93319
4.69106
-3.93319
3.17533
3.08444
-3.91484
4.74524
-3.91484
-2.2122
-2.2122
-2.2122
6.6366
-2.2122
-2.2122
6.6366
-2.2122
-0.639724
0.678069
0.738979
-0.777323
-0.59267
0.375629
0.127102
0.0899391
-0.258045
0.628587
0.148785
-0.519328
-0.673203
0.12924
0.401534
0.142429
-5.20093
2.42877
1.17264
1.59952
-2.0035
6.0105
-2.0035
-2.0035
-2.0035
6.0105
-2.0035
-2.0035
1.34412
2.16533
-5.3163
1.80684
-5.05789
1.54177
1.80527
1.71085
-3.86769
3.64438
-3.86769
4.09099
-3.9222
3.63841
-3.9222
4.20599
-4.0014
3.51721
-4.0014
4.48559
-2.0035
6.0105
-2.0035
-2.0035
1.70644
1.98825
-5.45593
1.76123
-0.207783
0.0258049
0.252367
-0.0703886
-0.791615
0.323482
0.0855765
0.382556
-5.19427
2.16964
1.64815
1.37648
-3.57958
3.80937
-3.57958
3.34979
3.43383
-3.53949
-3.53949
3.64514
-1.93287
-1.93287
-1.93287
5.79862
-1.93287
-1.93287
-1.93287
5.79862
-1.93287
-1.93287
5.79862
-1.93287
-1.93287
-1.93287
-1.93287
5.79862
-4.85504
1.91315
1.06246
1.87943
2.60278
0.945024
-5.13407
1.58627
-4.92262
2.48514
0.361376
2.0761
-0.325823
0.152176
0.181092
-0.00744379
-0.325787
0.259252
0.102092
-0.0355575
-0.439277
0.246668
0.297938
-0.105329
-0.127514
0.365766
0.14647
-0.384722
-2.26874
-2.26874
-2.26874
6.80623
-2.26874
-2.26874
-2.26874
6.80623
-2.26874
-2.26874
-2.26874
6.80623
-0.196608
0.363966
0.675155
-0.842513
4.63034
-4.38603
-4.38603
4.14171
-0.374955
0.01945
0.490055
-0.13455
-0.107676
-0.0556115
0.294236
-0.130948
4.17827
-4.26572
-4.26572
4.35317
0.0928882
-0.207871
0.055689
0.059294
0.0742764
-0.48065
0.111603
0.294771
-4.54961
5.0007
4.09851
-4.54961
-2.42977
7.28931
-2.42977
-2.42977
4.87547
-4.47211
-4.47211
4.06875
-2.42977
-2.42977
7.28931
-2.42977
1.71485
2.18329
-6.58379
2.68565
-4.58263
4.61411
-4.58263
4.55116
-0.239553
0.189465
0.232912
-0.182824
-0.123041
0.157704
0.081872
-0.116536
2.44845
-6.47561
2.25942
1.76774
2.32621
-6.3236
2.1442
1.8532
-2.42977
7.28931
-2.42977
-2.42977
-0.185821
0.479376
0.279246
-0.572801
0.173395
0.109755
0.674002
-0.957153
-0.383044
0.482156
-0.128048
0.0289355
-2.26563
6.7969
-2.26563
-2.26563
6.7969
-2.26563
-2.26563
-2.26563
-2.26563
6.7969
-2.26563
-2.26563
-2.26563
-2.26563
6.7969
-2.26563
-2.26563
-2.26563
-2.26563
6.7969
-2.26563
-2.26563
6.7969
-2.26563
2.08764
-6.07859
2.47879
1.51215
-1.37821
1.85174
-0.30127
-0.172261
-0.524519
0.288887
0.405151
-0.169518
-0.279097
0.51978
-0.0282701
-0.212413
1.30394
2.31388
2.19523
-5.81304
0.0384271
0.351108
-0.0684867
-0.321049
6.58247
-2.19416
-2.19416
-2.19416
-2.19416
-2.19416
6.58247
-2.19416
-2.19416
-2.19416
6.58247
-2.19416
-2.19416
6.58247
-2.19416
-2.19416
-2.19416
6.58247
-2.19416
-2.19416
-6.01819
2.05465
1.9704
1.99313
-0.782132
0.749565
0.184383
-0.151816
1.90152
-5.8666
2.59029
1.37479
1.53179
2.08062
2.17166
-5.78407
