0.562095
-0.00117368
-0.176808
-0.384113
-0.00117368
-0.281777
0.245128
0.0378227
-0.176808
0.245128
0.0694929
-0.137812
-0.384113
0.0378227
-0.137812
0.484103
0.272005
0.272005
0.103868
-0.647878
-0.0346226
-0.0346226
-0.20276
0.272005
-0.20276
-0.20276
0.301652
0.103868
-0.0346226
-0.0346226
-0.20276
0.272005
-0.0418256
-0.0418256
0.125477
-0.0418256
0.125477
0.125477
-0.376431
0.125477
-0.0418256
-0.0418256
0.125477
-0.0418256
-0.0418256
-0.0418256
0.125477
-0.0418256
0
0
0
0
0
0
0
0
0
0
0
0
0
0
0
0
0
0
0
0
0
0
0
0
0
0
0
0
0
0
0
0
0
0
0
0
0
0
0
0
0
0
0
0
0
0
0
0
0
0
0
0
0
0
0
0
0
0
0
0
0
0
0
0
0
0
0
0
0
0
0
0
0
0
0
0
0
0
0
0
0
0
0
0
0
0
0
0
0
0
0
0
0
0
0
0
0
0
0
0
0
0
0
0
0
0
0
0
0
0
0
0
-0.182743
0.548228
-0.182743
-0.182743
0.0609142
-0.182743
0.0609142
0.0609142
0.0609142
-0.182743
0.0609142
0.0609142
0.0609142
-0.182743
0.0609142
0.0609142
0
0
0
0
0
0
0
0
0
0
0
0
0
0
0
0
0.0449948
0.0449948
-0.134984
0.0449948
-0.134984
-0.134984
0.404953
-0.134984
0.0449948
0.0449948
-0.134984
0.0449948
0.0449948
0.0449948
-0.134984
0.0449948
0
0
0
0
0
0
0
0
0
0
0
0
0
0
0
0
0
0
0
0
0
0
0
0
0
0
0
0
0
0
0
0
0
0
0
0
0
0
0
0
0
0
0
0
0
0
0
0
0
0
0
0
0
0
0
0
0
0
0
0
0
0
0
0
0
0
0
0
0
0
0
0
0
0
0
0
0
0
0
0
0
0
0
0
0
0
0
0
0
0
0
0
0
0
0
0
0.298598
0.129838
-0.214218
-0.214218
0.826299
-1.45326
0.313483
0.313483
-1.4235
1.19359
0.114953
0.114953
0.298598
0.129838
-0.214218
-0.214218
0
0
0
0
0
0
0
0
0
0
0
0
0
0
0
0
0.708716
-0.236239
-0.236239
-0.236239
-0.155978
0.0519925
0.0519925
0.0519925
-0.39676
0.132253
0.132253
0.132253
-0.155978
0.0519925
0.0519925
0.0519925
0.234426
0.307171
-0.441176
-0.100422
-0.120068
-0.338304
0.913288
-0.454916
-0.348784
-0.276039
-0.0309365
0.65576
0.234426
0.307171
-0.441176
-0.100422
0
0
0
0
0
0
0
0
0
0
0
0
0
0
0
0
0
0
0
0
0
0
0
0
0
0
0
0
0
0
0
0
0
0
0
0
0
0
0
0
0
0
0
0
0
0
0
0
-0.509082
1.52725
-0.509082
-0.509082
1.06171
-3.18512
1.06171
1.06171
-0.100979
0.302936
-0.100979
-0.100979
-0.451647
1.35494
-0.451647
-0.451647
0
0
0
0
0
0
0
0
0
0
0
0
0
0
0
0
0
0
0
0
0
0
0
0
0
0
0
0
0
0
0
0
0
0
0
0
0
0
0
0
0
0
0
0
0
0
0
0
-0.17613
0.528389
-0.17613
-0.17613
0.0587099
-0.17613
0.0587099
0.0587099
0.0587099
-0.17613
0.0587099
0.0587099
0.0587099
-0.17613
0.0587099
0.0587099
0.0644849
0.0644849
0.0644849
-0.193455
0.0644849
0.0644849
0.0644849
-0.193455
-0.193455
-0.193455
-0.193455
0.580364
0.0644849
0.0644849
0.0644849
-0.193455
-0.270038
0.524921
-0.187105
-0.0677779
0.138848
-0.126138
0.455222
-0.467932
0.136241
-0.128745
-0.345998
0.338502
-0.00505169
-0.270038
0.0778812
0.197208
-0.0859652
0.400849
-0.00368054
-0.311204
-0.374073
0.112741
-0.0403102
0.301642
0.546004
-0.91444
0.0476712
0.320765
-0.0859652
0.400849
-0.00368054
-0.311204
0
0
0
0
0
0
0
0
0
0
0
0
0
0
0
0
0
0
0
0
0
0
0
0
0
0
0
0
0
0
0
0
0
0
0
0
0
0
0
0
0
0
0
0
0
0
0
0
0
0
0
0
0
0
0
0
0
0
0
0
0
0
0
0
0
0
0
0
0
0
0
0
0
0
0
0
0
0
0
0
1.79057
-1.56918
1.97671
-2.19811
-0.540807
0.354904
-0.602853
0.788756
-0.540807
0.354904
-0.602853
0.788756
-0.708961
0.859369
-0.771008
0.620601
0.162284
0.45301
-0.307647
-0.307647
0.45301
-1.67232
0.609654
0.609654
-0.307647
0.609654
-0.151003
-0.151003
-0.307647
0.609654
-0.151003
-0.151003
0
0
0
0
0
0
0
0
0
0
0
0
0
0
0
0
0
0
0
0
0
0
0
0
0
0
0
0
0
0
0
0
-0.302666
0.347673
0.257659
-0.302666
0.0593268
0.0087947
-0.127448
0.0593268
0.35923
-0.890916
0.172455
0.35923
-0.115891
0.534448
-0.302666
-0.115891
0
0
0
0
0
0
0
0
0
0
0
0
0
0
0
0
0
0
0
0
0
0
0
0
0
0
0
0
0
0
0
0
-0.0652993
0.742277
-0.284201
-0.392776
0.145867
0.108778
-0.0730347
-0.18161
-0.226434
-0.959833
0.43027
0.755997
0.145867
0.108778
-0.0730347
-0.18161
0
0
0
0
0
0
0
0
0
0
0
0
0
0
0
0
0
0
0
0
0
0
0
0
0
0
0
0
0
0
0
0
-0.2959
0.458202
-0.620503
0.458202
0.0986334
-0.152734
0.206834
-0.152734
0.0986334
-0.152734
0.206834
-0.152734
0.0986334
-0.152734
0.206834
-0.152734
-0.535412
0.911856
0.200174
-0.576619
0.480784
0.0758678
-0.635815
0.0791623
0.0619278
-1.33753
0.797514
0.478091
-0.0073003
0.349809
-0.361874
0.019365
-0.126458
0.716532
-0.45076
-0.139314
0.116227
-0.114162
0.224327
-0.226392
0.0908778
-0.749065
0.198978
0.459209
-0.0806464
0.146695
0.027454
-0.0935023
-0.509718
1.46478
-0.404496
-0.550565
0.429042
-0.509718
0.113373
-0.0326963
-0.0326963
-0.550565
0.0725266
0.510735
0.113373
-0.404496
0.218596
0.0725266
0.0437383
0.427118
-0.514594
0.0437383
-0.0272429
0.356137
-0.301651
-0.0272429
0.0107476
-1.13939
1.1179
0.0107476
-0.0272429
0.356137
-0.301651
-0.0272429
0
0
0
0
0
0
0
0
0
0
0
0
0
0
0
0
0
0
0
0
0
0
0
0
0
0
0
0
0
0
0
0
0
0
0
0
0
0
0
0
0
0
0
0
0
0
0
0
-0.751398
-0.000382367
0.193362
0.558419
-0.26397
0.774835
-0.450329
-0.0605353
0.642699
-2.10814
0.0706574
1.39478
0.372669
1.33368
0.18631
-1.89266
0.4373
-0.0855923
-0.463314
0.111606
0.371033
-0.374057
0.179883
-0.176859
-0.962783
0.333479
0.887419
-0.258114
0.15445
0.12617
-0.603988
0.323368
0
0
0
0
0
0
0
0
0
0
0
0
0
0
0
0
0
0
0
0
0
0
0
0
0
0
0
0
0
0
0
0
0
0
0
0
0
0
0
0
0
0
0
0
0
0
0
0
-2.93795
0.979318
0.979318
0.979318
-0.121894
0.0406315
0.0406315
0.0406315
1.7791
-0.593035
-0.593035
-0.593035
1.28075
-0.426915
-0.426915
-0.426915
0
0
0
0
0
0
0
0
0
0
0
0
0
0
0
0
0
0
0
0
0
0
0
0
0
0
0
0
0
0
0
0
-1.06953
0.527899
0.527899
0.013734
0.397741
-0.927278
-0.927278
1.45681
0.657166
-0.305838
-0.305838
-0.0454904
0.0146256
0.705216
0.705216
-1.42506
0.152232
0.337007
-0.0144481
-0.474791
-0.0608172
0.123957
0.0060342
-0.0691743
0.290637
-0.696875
0.123957
0.28228
-0.382052
0.235911
-0.115543
0.261684
-0.369626
-0.0340207
-0.530791
0.934438
-0.558877
-0.223272
-0.399771
1.18192
-0.143204
-1.15002
-0.304369
1.59759
1.07171
1.40731
1.23493
-3.71395
0
0
0
0
0
0
0
0
0
0
0
0
0
0
0
0
0
0
0
0
0
0
0
0
0
0
0
0
0
0
0
0
0
0
0
0
0
0
0
0
0
0
0
0
0
0
0
0
0
0
0
0
0
0
0
0
0
0
0
0
0
0
0
0
-0.434072
-0.434072
-0.513298
1.38144
-0.434072
-0.434072
-0.513298
1.38144
-0.434072
-0.434072
-0.513298
1.38144
1.30222
1.30222
1.53989
-4.14432
0.121345
0.121345
0.121345
-0.364035
-0.0594345
-0.0594345
-0.0594345
0.178303
-0.0594345
-0.0594345
-0.0594345
0.178303
-0.00247619
-0.00247619
-0.00247619
0.00742858
-0.252692
0.547048
-0.147178
-0.147178
-0.0781247
0.0233448
0.0273899
0.0273899
0.408942
-0.593737
0.0923979
0.0923979
-0.0781247
0.0233448
0.0273899
0.0273899
-0.069827
0.230358
-0.128918
-0.0316123
-0.069827
0.230358
-0.128918
-0.0316123
0.397152
-0.75363
0.324197
0.0322798
-0.257498
0.292915
-0.066361
0.0309448
0.0639304
0.301369
0.0508638
-0.416164
-0.096101
0.141338
-0.109168
0.0639304
0.0862563
-0.626061
0.293517
0.246288
-0.0540857
0.183353
-0.235213
0.105946
0.262717
0.0783853
-0.0417391
-0.299363
0.0249358
-0.0107273
0.121708
-0.135916
0.1191
-0.293221
0.215872
-0.0417518
-0.406753
0.225563
-0.295841
0.477031
-0.0843863
0.138743
0.0300296
-0.0843863
-0.0843863
0.138743
0.0300296
-0.0843863
0.138743
-0.530645
0.253159
0.138743
0.0300296
0.253159
-0.313218
0.0300296
0.140702
0.140702
0.140702
-0.422107
-0.0469008
-0.0469008
-0.0469008
0.140702
-0.0469008
-0.0469008
-0.0469008
0.140702
-0.0469008
-0.0469008
-0.0469008
0.140702
0
0
0
0
0
0
0
0
0
0
0
0
0
0
0
0
0
0
0
0
0
0
0
0
0
0
0
0
0
0
0
0
0
0
0
0
0
0
0
0
0
0
0
0
0
0
0
0
-0.855015
0.964305
1.34839
-1.45768
1.34839
3.16771
-5.26184
0.745726
0.964305
-4.49365
3.16771
0.361635
-1.45768
0.361635
0.745726
0.350324
-0.231863
-0.231863
2.09888
-1.63516
1.03189
1.03189
-1.01002
-1.05376
0.0743581
0.0743581
-1.96755
1.81883
-0.874387
-0.874387
0.878684
0.87009
1.51703
1.2995
1.2995
-4.11603
-0.288152
-0.505675
-0.505675
1.2995
-0.288152
-0.505675
-0.505675
1.2995
-0.940721
-0.288152
-0.288152
1.51703
0.285388
-0.194171
0.102955
-0.194171
-0.380249
0.0277078
0.324833
0.0277078
0.379319
-0.10024
-0.178839
-0.10024
-0.284457
0.266703
-0.248949
0.266703
0.076231
-0.0878212
0.21852
-0.20693
-0.182208
0.309949
-0.0399192
-0.0878212
-0.0181559
-0.182208
0.124133
0.076231
0.124133
-0.0399192
-0.302734
0.21852
-0.0875568
0.420393
-0.0348305
-0.298006
-0.158073
0.349878
-0.105346
-0.0864585
0.75294
-1.16772
0.197948
0.216836
-0.50731
0.397453
-0.0577712
0.167629
0.470128
0.0202972
0.600854
-1.09128
0.129266
-0.00180903
-0.0245794
-0.102877
0.520119
-1.7777
0.969601
0.287976
-1.11951
1.75921
-1.54588
0.906181
0
0
0
0
0
0
0
0
0
0
0
0
0
0
0
0
0
0
0
0
0
0
0
0
0
0
0
0
0
0
0
0
0
0
0
0
0
0
0
0
0
0
0
0
0
0
0
0
0
0
0
0
0
0
0
0
0
0
0
0
0
0
0
0
0
0
0
0
0
0
0
0
0
0
0
0
0
0
0
0
1.67642
-0.558807
-0.558807
-0.558807
1.67642
-0.558807
-0.558807
-0.558807
-2.00449
0.668165
0.668165
0.668165
-1.34835
0.449449
0.449449
0.449449
0
0
0
0
0
0
0
0
0
0
0
0
0
0
0
0
0
0
0
0
0
0
0
0
0
0
0
0
0
0
0
0
0.339003
0.333444
-0.0155649
-0.656882
-0.412905
0.428809
-0.0756171
0.0597139
0.571558
-0.985453
0.21699
0.196904
-0.497656
0.2232
-0.125808
0.400264
0.127322
0.402785
0.0139491
-0.544056
-0.0838384
0.191625
-0.197211
0.0894243
0.304997
-0.974882
0.191625
0.47826
-0.348481
0.380473
-0.00836311
-0.0236289
0.0721193
0.0721193
0.0721193
-0.216358
-0.0240398
-0.0240398
-0.0240398
0.0721193
-0.0240398
-0.0240398
-0.0240398
0.0721193
-0.0240398
-0.0240398
-0.0240398
0.0721193
0
0
0
0
0
0
0
0
0
0
0
0
0
0
0
0
0
0
0
0
0
0
0
0
0
0
0
0
0
0
0
0
0
0
0
0
0
0
0
0
0
0
0
0
0
0
0
0
0
0
0
0
0
0
0
0
0
0
0
0
0
0
0
0
0
0
0
0
0
0
0
0
0
0
0
0
0
0
0
0
0
0
0
0
0
0
0
0
0
0
0
0
0
0
0
0
0
0
0
0
0
0
0
0
0
0
0
0
0
0
0
0
0
0
0
0
0
0
0
0
0
0
0
0
0
0
0
0
0.078256
0.147787
0.208591
-0.434634
0.0657323
-0.142861
0.196067
-0.118938
-0.270524
-0.200993
-0.14019
0.611707
0.126536
0.196067
-0.264468
-0.0581348
0.0483344
0.0673472
0.0673472
-0.183029
0.0483344
0.0673472
0.0673472
-0.183029
0.284874
-0.345334
-0.345334
0.405794
-0.381543
0.21064
0.21064
-0.0397365
0
0
0
0
0
0
0
0
0
0
0
0
0
0
0
0
0
0
0
0
0
0
0
0
0
0
0
0
0
0
0
0
0
0
0
0
0
0
0
0
0
0
0
0
0
0
0
0
0
0
0
0
0
0
0
0
0
0
0
0
0
0
0
0
0
0
0
0
0
0
0
0
0
0
0
0
0
0
0
0
0
0
0
0
0
0
0
0
0
0
0
0
0
0
0
0
0
0
0
0
0
0
0
0
0
0
0
0
0
0
0
0
0
0
0
0
0
0
0
0
0
0
0
0
0
0
0
0
-0.113601
-0.113601
-0.113601
0.340804
-0.113601
-0.113601
-0.113601
0.340804
-0.113601
-0.113601
-0.113601
0.340804
0.340804
0.340804
0.340804
-1.02241
0.196067
0.196067
0.196067
-0.588201
-0.0510414
-0.0510414
-0.0510414
0.153124
-0.220051
-0.220051
-0.220051
0.660153
0.0750255
0.0750255
0.0750255
-0.225077
0.0892374
0.359347
-0.0604408
-0.388143
-0.116526
0.153583
0.0233833
-0.0604408
0.303262
-0.816192
0.153583
0.359347
-0.275973
0.303262
-0.116526
0.0892374
-3.24693e-05
0.433896
-0.171762
-0.262101
-0.0516808
0.0123787
0.00362694
0.0356752
0.321317
-0.610599
-0.11939
0.408673
-0.269603
0.164325
0.287526
-0.182247
0
0
0
0
0
0
0
0
0
0
0
0
0
0
0
0
0
0
0
0
0
0
0
0
0
0
0
0
0
0
0
0
0
0
0
0
0
0
0
0
0
0
0
0
0
0
0
0
0.342757
0.274165
0.342757
-0.959678
-0.0913882
-0.15998
-0.0913882
0.342757
-0.15998
0.0457958
-0.15998
0.274165
-0.0913882
-0.15998
-0.0913882
0.342757
0.124571
0.124571
-0.373712
0.124571
-0.0415236
-0.0415236
0.124571
-0.0415236
-0.0415236
-0.0415236
0.124571
-0.0415236
-0.0415236
-0.0415236
0.124571
-0.0415236
0
0
0
0
0
0
0
0
0
0
0
0
0
0
0
0
0
0
0
0
0
0
0
0
0
0
0
0
0
0
0
0
-0.144199
0.389323
0.00171618
-0.24684
0.258029
-0.122305
0.0564158
-0.19214
0.19476
-0.603347
-0.0068532
0.41544
-0.30859
0.336328
-0.0512787
0.0235406
0.0826132
0.368819
-0.0625077
-0.388925
-0.122093
0.164114
0.0204866
-0.0625077
0.309234
-0.842167
0.164114
0.368819
-0.269755
0.309234
-0.122093
0.0826132
-0.0606132
0.398145
0.13385
-0.471382
-0.120878
0.184564
-0.0797312
0.0160451
0.422187
-1.12673
0.14543
0.55911
-0.240695
0.544017
-0.199549
-0.103772
0.0870051
0.534895
0.14168
-0.76358
-0.347221
0.326715
-0.0664994
0.0870051
0.437902
-1.13181
0.0478305
0.646081
-0.177686
0.270204
-0.123011
0.0304934
0
0
0
0
0
0
0
0
0
0
0
0
0
0
0
0
0
0
0
0
0
0
0
0
0
0
0
0
0
0
0
0
0
0
0
0
0
0
0
0
0
0
0
0
0
0
0
0
0
0
0
0
0
0
0
0
0
0
0
0
0
0
0
0
0
0
0
0
0
0
0
0
0
0
0
0
0
0
0
0
0
0
0
0
0
0
0
0
0
0
0
0
0
0
0
0
0
0
0
0
0
0
0
0
0
0
0
0
0
0
0
0
-0.0343957
0.103187
-0.0343957
-0.0343957
0.103187
-0.309561
0.103187
0.103187
-0.0343957
0.103187
-0.0343957
-0.0343957
-0.0343957
0.103187
-0.0343957
-0.0343957
0.071565
0.450495
0.071565
-0.593625
-0.197764
0.181166
-0.197764
0.214361
0.181166
-0.955623
0.181166
0.593291
-0.0549676
0.323962
-0.0549676
-0.214027
-0.100195
0.488632
0.0389119
-0.427349
-0.0160402
0.244521
-0.0683559
-0.160125
0.42142
-1.11967
0.0926472
0.605602
-0.305185
0.386517
-0.0632032
-0.0181287
-0.206458
0.599505
0.212812
-0.605859
-0.0600783
0.186858
-0.199835
0.0730556
0.326614
-0.97322
0.186858
0.459748
-0.0600783
0.186858
-0.199835
0.0730556
-0.106169
-0.106169
0.318508
-0.106169
0.0353898
0.0353898
-0.106169
0.0353898
0.0353898
0.0353898
-0.106169
0.0353898
0.0353898
0.0353898
-0.106169
0.0353898
0
0
0
0
0
0
0
0
0
0
0
0
0
0
0
0
0
0
0
0
0
0
0
0
0
0
0
0
0
0
0
0
0
0
0
0
0
0
0
0
0
0
0
0
0
0
0
0
0
0
0
0
0
0
0
0
0
0
0
0
0
0
0
0
0
0
0
0
0
0
0
0
0
0
0
0
0
0
0
0
0
0
0
0
0
0
0
0
0
0
0
0
0
0
0
0
0
0
0
0
0
0
0
0
0
0
0
0
0
0
0
0
0.0931991
0.664718
-0.0153703
-0.742547
-0.110951
-0.0244993
0.0295532
0.105897
0.578433
-1.17203
0.134092
0.459508
-0.560682
0.531814
-0.148274
0.177142
-0.102113
0.366651
-0.243668
-0.0208697
-0.243668
0.225096
0.180997
-0.162425
0.447895
-0.958398
0.30634
0.204164
-0.102113
0.366651
-0.243668
-0.0208697
-0.0200437
-0.0200437
0.060131
-0.0200437
-0.0200437
-0.0200437
0.060131
-0.0200437
-0.0200437
-0.0200437
0.060131
-0.0200437
0.060131
0.060131
-0.180393
0.060131
0
0
0
0
0
0
0
0
0
0
0
0
0
0
0
0
0
0
0
0
0
0
0
0
0
0
0
0
0
0
0
0
-0.106398
0.319195
-0.106398
-0.106398
-0.106398
0.319195
-0.106398
-0.106398
0.319195
-0.957586
0.319195
0.319195
-0.106398
0.319195
-0.106398
-0.106398
0
0
0
0
0
0
0
0
0
0
0
0
0
0
0
0
0
0
0
0
0
0
0
0
0
0
0
0
0
0
0
0
-0.302083
1.15564
-0.477039
-0.376522
-0.376522
1.0812
-0.551477
-0.153206
1.15564
-3.21754
0.980688
1.0812
-0.477039
0.980688
0.0478276
-0.551477
0
0
0
0
0
0
0
0
0
0
0
0
0
0
0
0
0
0
0
0
0
0
0
0
0
0
0
0
0
0
0
0
0.0254072
0.372832
-0.0269008
-0.371338
-0.246329
0.310327
-0.0894053
0.0254072
0.310327
-0.941179
0.258019
0.372832
-0.0894053
0.258019
-0.141713
-0.0269008
0.131123
0.234559
0.0329125
-0.398595
-0.116906
-0.0134706
0.0602543
0.0701228
0.305145
-0.526234
0.00513455
0.215954
-0.319362
0.305145
-0.0983013
0.112518
0.112925
0.224066
-0.146296
-0.190695
-0.104239
0.00690241
-0.0188293
0.116166
0.193199
-0.140225
-0.466578
0.413604
-0.201885
-0.0907439
0.631704
-0.339075
0
0
0
0
0
0
0
0
0
0
0
0
0
0
0
0
0
0
0
0
0
0
0
0
0
0
0
0
0
0
0
0
0.045365
0.045365
0.045365
-0.136095
0.045365
0.045365
0.045365
-0.136095
0.045365
0.045365
0.045365
-0.136095
-0.136095
-0.136095
-0.136095
0.408285
0.989803
0.989803
0.989803
-2.96941
-0.329934
-0.329934
-0.329934
0.989803
-0.329934
-0.329934
-0.329934
0.989803
-0.329934
-0.329934
-0.329934
0.989803
0
0
0
0
0
0
0
0
0
0
0
0
0
0
0
0
0
0
0
0
0
0
0
0
0
0
0
0
0
0
0
0
0
0
0
0
0
0
0
0
0
0
0
0
0
0
0
0
-0.160319
0.354466
0.0194456
-0.213592
0.595491
-0.474844
0.0561956
-0.176842
-0.180966
-0.140203
-0.00120125
0.322371
-0.254205
0.260581
-0.0744399
0.068064
0.0514599
0.130512
0.159134
-0.341106
-0.0677649
0.0112872
0.0399097
0.016568
0.300009
-0.51577
-0.0230149
0.238776
-0.283704
0.373971
-0.176029
0.0857619
-0.188844
-0.0605283
0.207335
0.0420372
-0.188844
-0.0605283
0.207335
0.0420372
0.5038
-0.291409
-0.0235461
-0.188844
-0.126112
0.412466
-0.391124
0.104769
0
0
0
0
0
0
0
0
0
0
0
0
0
0
0
0
0
0
0
0
0
0
0
0
0
0
0
0
0
0
0
0
0
0
0
0
0
0
0
0
0
0
0
0
0
0
0
0
0.0937465
-0.28124
0.0937465
0.0937465
0.0937465
-0.28124
0.0937465
0.0937465
-0.016084
0.0482519
-0.016084
-0.016084
-0.171409
0.514227
-0.171409
-0.171409
-0.0846505
-0.0846505
0.156545
0.0127564
-0.0846505
-0.0846505
0.156545
0.0127564
-0.0846505
-0.0846505
0.156545
0.0127564
0.253951
0.253951
-0.469634
-0.0382691
0
0
0
0
0
0
0
0
0
0
0
0
0
0
0
0
-0.0507909
-0.0507909
-0.0507909
0.152373
-0.0507909
-0.0507909
-0.0507909
0.152373
-0.0507909
-0.0507909
-0.0507909
0.152373
0.152373
0.152373
0.152373
-0.457118
0
0
0
0
0
0
0
0
0
0
0
0
0
0
0
0
0
0
0
0
0
0
0
0
0
0
0
0
0
0
0
0
-0.0170341
0.327435
0.0631563
-0.373557
0.0779662
0.101673
-0.162605
-0.0170341
0.101673
-0.610972
0.181864
0.327435
-0.162605
0.181864
-0.0824148
0.0631563
0.577402
0.150803
-0.364103
-0.364103
0.577402
0.150803
-0.364103
-0.364103
1.09231
-1.39392
0.150803
0.150803
-2.24711
1.09231
0.577402
0.577402
-0.413497
-0.413497
-0.220842
1.04784
-0.413497
-0.413497
-0.220842
1.04784
-0.413497
-0.413497
-0.220842
1.04784
1.24049
1.24049
0.662527
-3.14351
0
0
0
0
0
0
0
0
0
0
0
0
0
0
0
0
0
0
0
0
0
0
0
0
0
0
0
0
0
0
0
0
0
0
0
0
0
0
0
0
0
0
0
0
0
0
0
0
0
0
0
0
0
0
0
0
0
0
0
0
0
0
0
0
0
0
0
0
0
0
0
0
0
0
0
0
0
0
0
0
0
0
0
0
0
0
0
0
0
0
0
0
0
0
0
0
0.144045
-0.180921
0.144045
-0.107169
-0.215491
-0.107169
-0.215491
0.538152
0.0357231
0.144045
0.0357231
-0.215491
0.0357231
0.144045
0.0357231
-0.215491
0.529545
-0.167978
-0.00578694
-0.35578
-1.07645
0.367354
0.529545
0.179552
0.179552
-0.517972
-0.35578
0.6942
0.367354
0.318596
-0.167978
-0.517972
-0.00902716
0.419875
-0.00902716
-0.40182
-0.139958
0.288944
-0.139958
-0.00902716
0.288944
-0.997762
0.288944
0.419875
-0.139958
0.288944
-0.139958
-0.00902716
-2.82129
1.3352
0.826548
0.659537
0.826548
0.119257
-0.389397
-0.556408
1.2708
-1.47111
0.0548531
0.145457
0.72394
0.0166495
-0.492004
-0.248586
-0.0677356
0.539106
-0.441912
-0.0294581
-0.236298
0.370543
0.0637766
-0.198021
0.145796
-1.14868
0.445871
0.557012
0.158238
0.239031
-0.0677356
-0.329533
0
0
0
0
0
0
0
0
0
0
0
0
0
0
0
0
0
0
0
0
0
0
0
0
0
0
0
0
0
0
0
0
0
0
0
0
0
0
0
0
0
0
0
0
0
0
0
0
0
0
0
0
0
0
0
0
0
0
0
0
0
0
0
0
0.131376
-0.0808018
-0.18195
0.131376
-0.043792
0.0269339
0.0606501
-0.043792
-0.043792
0.0269339
0.0606501
-0.043792
-0.043792
0.0269339
0.0606501
-0.043792
0.369222
-0.123074
-0.123074
-0.123074
-0.370879
0.123626
0.123626
0.123626
0.00082865
-0.000276217
-0.000276217
-0.000276217
0.00082865
-0.000276217
-0.000276217
-0.000276217
0.174422
0.576288
-0.228893
-0.521817
-0.5119
1.30162
-0.377462
-0.412257
1.01324
-3.01567
1.14768
0.854752
-0.67576
1.13776
-0.541322
0.079322
0.118428
0.118428
0.118428
-0.355285
-0.0394761
-0.0394761
-0.0394761
0.118428
-0.0394761
-0.0394761
-0.0394761
0.118428
-0.0394761
-0.0394761
-0.0394761
0.118428
0.207605
0.100617
0.100617
-0.408839
0.0377859
-0.0692016
-0.0692016
0.100617
0.0377859
-0.0692016
-0.0692016
0.100617
-0.283176
0.0377859
0.0377859
0.207605
-0.378717
1.06554
-0.378717
-0.308105
-0.378717
1.06554
-0.378717
-0.308105
1.13615
-3.19662
1.13615
0.924316
-0.378717
1.06554
-0.378717
-0.308105
0
0
0
0
0
0
0
0
0
0
0
0
0
0
0
0
0
0
0
0
0
0
0
0
0
0
0
0
0
0
0
0
0
0
0
0
0
0
0
0
0
0
0
0
0
0
0
0
0
0
0
0
0
0
0
0
0
0
0
0
0
0
0
0
-0.0233898
-0.0233898
-0.0233898
0.0701695
0.0701695
0.0701695
0.0701695
-0.210509
-0.0233898
-0.0233898
-0.0233898
0.0701695
-0.0233898
-0.0233898
-0.0233898
0.0701695
-0.0317601
0.44542
-0.0317601
-0.3819
-0.0738228
0.104755
-0.0738228
0.0428905
0.254056
-0.878882
0.254056
0.37077
-0.148473
0.328707
-0.148473
-0.0317601
-0.284953
1.33953
-0.460052
-0.594524
-0.576292
1.37688
-0.422704
-0.37788
1.5093
-4.22252
1.3342
1.37902
-0.648053
1.50612
-0.451444
-0.40662
0.00208445
0.309434
0.139028
-0.450546
-0.0126292
0.294721
-0.239308
-0.0427834
0.430494
-1.03465
0.203815
0.40034
-0.419949
0.430494
-0.103535
0.0929899
0.207545
0.207545
0.00535489
-0.420444
0.00280587
0.00280587
0.0702024
-0.0758142
0.00280587
0.00280587
0.0702024
-0.0758142
-0.213156
-0.213156
-0.14576
0.572072
0
0
0
0
0
0
0
0
0
0
0
0
0
0
0
0
-0.176831
0.425909
-0.0722469
-0.176831
-0.079619
0.134272
0.0249655
-0.079619
0.433282
-0.986091
0.119528
0.433282
-0.176831
0.425909
-0.0722469
-0.176831
-0.102754
0.397589
-0.346908
0.0520736
-0.102754
0.397589
-0.346908
0.0520736
0.242761
-0.638956
-0.00139328
0.397589
-0.0372529
-0.156221
0.69521
-0.501736
0
0
0
0
0
0
0
0
0
0
0
0
0
0
0
0
0
0
0
0
0
0
0
0
0
0
0
0
0
0
0
0
0
0
0
0
0
0
0
0
0
0
0
0
0
0
0
0
0
0
0
0
0
0
0
0
0
0
0
0
0
0
0
0
0
0
0
0
0
0
0
0
0
0
0
0
0
0
0
0
0
0
0
0
0
0
0
0
0
0
0
0
0
0
0
0
0
0
0
0
0
0
0
0
0
0
0
0
0
0
0
0
-0.263798
-0.124161
0.267311
0.120648
0.434318
0.573954
-0.600462
-0.407809
-0.325632
-0.185995
0.205477
0.306151
0.155112
-0.263798
0.127675
-0.0189888
-0.178677
0.418257
-0.0609021
-0.178677
-0.0866717
0.14224
0.0311035
-0.0866717
0.444026
-0.978753
0.0907008
0.444026
-0.178677
0.418257
-0.0609021
-0.178677
0.0303549
0.226971
-0.0467289
-0.210597
-0.127046
0.0695696
0.104205
-0.0467289
0.146653
-0.443194
0.0695696
0.226971
-0.0499623
0.146653
-0.127046
0.0303549
0.107765
0.128726
-0.118246
-0.118246
0.107765
0.128726
-0.118246
-0.118246
0.354737
-0.612189
0.128726
0.128726
-0.570267
0.354737
0.107765
0.107765
0
0
0
0
0
0
0
0
0
0
0
0
0
0
0
0
0
0
0
0
0
0
0
0
0
0
0
0
0
0
0
0
0
0
0
0
0
0
0
0
0
0
0
0
0
0
0
0
0
0
0
0
0
0
0
0
0
0
0
0
0
0
0
0
0
0
0
0
0
0
0
0
0
0
0
0
0
0
0
0
0
0
0
0
0
0
0
0
0
0
0
0
0
0
0
0
-0.865414
-0.0781926
1.80902
-0.865414
-0.651028
-0.721349
2.02341
-0.651028
0.901693
0.255114
-2.0585
0.901693
0.614749
0.544428
-1.77393
0.614749
0.126799
0.269893
0.0365015
-0.433193
-0.00428527
0.138809
-0.0945826
-0.0399407
0.229106
-0.561365
0.138809
0.193451
-0.35162
0.152664
-0.0807274
0.279683
0.113905
-0.0171699
-0.0171699
-0.0795651
-0.27932
0.113905
0.113905
0.0515098
0.0515098
-0.0795651
-0.0795651
0.10762
0.113905
-0.0171699
-0.0171699
-0.0795651
