Evol	Tgen	Tdet	Rank	Nbmot	AUC	FalsePos	FalseNeg
felsen 7 7 1	1	0.785714	12	1
felsen 7 7 1	2	0.785714	8	5
felsen 7 7 1	3	0.785714	5	9
felsen 7 7 2	1	0.814286	13	2
felsen 7 7 2	2	0.814286	7	5
felsen 7 7 2	3	0.814286	1	8
felsen 7 7 3	1	0.762857	18	2
felsen 7 7 3	2	0.762857	11	4
felsen 7 7 3	3	0.762857	8	5
felsen 7 7 4	1	0.684286	14	4
felsen 7 7 4	2	0.684286	6	7
felsen 7 7 4	3	0.684286	4	11
felsen 7 7 5	1	0.7	1	9
felsen 7 7 5	2	0.7	0	11
felsen 7 7 5	3	0.7	0	11
felsen 7 7 6	1	0.79	11	4
felsen 7 7 6	2	0.79	3	6
felsen 7 7 6	3	0.79	1	8
felsen 7 7 7	1	0.728571	6	6
felsen 7 7 7	2	0.728571	2	9
felsen 7 7 7	3	0.728571	1	9
felsen 7 7 8	1	0.821429	11	2
felsen 7 7 8	2	0.821429	2	8
felsen 7 7 8	3	0.821429	1	11
felsen 7 7 9	1	0.78	16	2
felsen 7 7 9	2	0.78	4	7
felsen 7 7 9	3	0.78	1	9
felsen 7 7 10	1	0.671429	6	8
felsen 7 7 10	2	0.671429	1	9
felsen 7 7 10	3	0.671429	1	11
felsen 7 8 1	1	0.824286	11	1
felsen 7 8 1	2	0.824286	6	6
felsen 7 8 1	3	0.824286	2	10
felsen 7 8 2	1	0.801429	12	2
felsen 7 8 2	2	0.801429	7	6
felsen 7 8 2	3	0.801429	1	9
felsen 7 8 3	1	0.808571	12	3
felsen 7 8 3	2	0.808571	6	4
felsen 7 8 3	3	0.808571	3	7
felsen 7 8 4	1	0.741429	9	5
felsen 7 8 4	2	0.741429	3	8
felsen 7 8 4	3	0.741429	0	11
felsen 7 8 5	1	0.714286	0	9
felsen 7 8 5	2	0.714286	0	11
felsen 7 8 5	3	0.714286	0	12
felsen 7 8 6	1	0.767143	9	5
felsen 7 8 6	2	0.767143	0	8
felsen 7 8 6	3	0.767143	0	10
felsen 7 8 7	1	0.741429	3	7
felsen 7 8 7	2	0.741429	1	9
felsen 7 8 7	3	0.741429	1	10
felsen 7 8 8	1	0.882857	6	2
felsen 7 8 8	2	0.882857	1	8
felsen 7 8 8	3	0.882857	1	12
felsen 7 8 9	1	0.775714	12	4
felsen 7 8 9	2	0.775714	2	7
felsen 7 8 9	3	0.775714	0	9
felsen 7 8 10	1	0.724286	2	8
felsen 7 8 10	2	0.724286	0	10
felsen 7 8 10	3	0.724286	0	13
felsen 7 9 1	1	0.758571	11	3
felsen 7 9 1	2	0.758571	4	8
felsen 7 9 1	3	0.758571	2	11
felsen 7 9 2	1	0.817143	10	3
felsen 7 9 2	2	0.817143	3	7
felsen 7 9 2	3	0.817143	0	9
felsen 7 9 3	1	0.75	10	4
felsen 7 9 3	2	0.75	3	9
felsen 7 9 3	3	0.75	1	10
felsen 7 9 4	1	0.758571	4	6
felsen 7 9 4	2	0.758571	0	12
felsen 7 9 4	3	0.758571	0	12
felsen 7 9 5	1	0.642857	0	11
felsen 7 9 5	2	0.642857	0	11
felsen 7 9 5	3	0.642857	0	12
felsen 7 9 6	1	0.811429	4	5
felsen 7 9 6	2	0.811429	0	9
felsen 7 9 6	3	0.811429	0	12
felsen 7 9 7	1	0.742857	2	7
felsen 7 9 7	2	0.742857	1	10
felsen 7 9 7	3	0.742857	1	14
felsen 7 9 8	1	0.817143	5	4
felsen 7 9 8	2	0.817143	1	10
felsen 7 9 8	3	0.817143	0	12
felsen 7 9 9	1	0.761429	7	4
felsen 7 9 9	2	0.761429	2	11
felsen 7 9 9	3	0.761429	0	14
felsen 7 9 10	1	0.698571	1	9
felsen 7 9 10	2	0.698571	0	12
felsen 7 9 10	3	0.698571	0	13
felsen 7 10 1	1	0.732857	8	4
felsen 7 10 1	2	0.732857	3	11
felsen 7 10 1	3	0.732857	1	13
felsen 7 10 2	1	0.781429	8	4
felsen 7 10 2	2	0.781429	2	9
felsen 7 10 2	3	0.781429	0	11
felsen 7 10 3	1	0.678571	7	7
felsen 7 10 3	2	0.678571	1	11
felsen 7 10 3	3	0.678571	0	12
felsen 7 10 4	1	0.698571	1	9
felsen 7 10 4	2	0.698571	0	12
felsen 7 10 4	3	0.698571	0	13
felsen 7 10 5	1	0.642857	0	11
felsen 7 10 5	2	0.642857	0	12
felsen 7 10 5	3	0.642857	0	12
felsen 7 10 6	1	0.742857	3	7
felsen 7 10 6	2	0.742857	0	11
felsen 7 10 6	3	0.742857	0	13
felsen 7 10 7	1	0.714286	0	9
felsen 7 10 7	2	0.714286	0	11
felsen 7 10 7	3	0.714286	0	14
felsen 7 10 8	1	0.681429	4	8
felsen 7 10 8	2	0.681429	0	13
felsen 7 10 8	3	0.681429	0	13
felsen 7 10 9	1	0.692857	6	6
felsen 7 10 9	2	0.692857	2	13
felsen 7 10 9	3	0.692857	0	14
felsen 7 10 10	1	0.642857	0	11
felsen 7 10 10	2	0.642857	0	12
felsen 7 10 10	3	0.642857	0	14
felsen 7 11 1	1	0.7	5	7
felsen 7 11 1	2	0.7	0	13
felsen 7 11 1	3	0.7	0	14
felsen 7 11 2	1	0.722857	3	7
felsen 7 11 2	2	0.722857	1	13
felsen 7 11 2	3	0.722857	0	14
felsen 7 11 3	1	0.697143	1	9
felsen 7 11 3	2	0.697143	0	13
felsen 7 11 3	3	0.697143	0	14
felsen 7 11 4	1	0.607143	0	12
felsen 7 11 4	2	0.607143	0	13
felsen 7 11 4	3	0.607143	0	14
felsen 7 11 5	1	0.607143	0	12
felsen 7 11 5	2	0.607143	0	14
felsen 7 11 5	3	0.607143	0	14
felsen 7 11 6	1	0.667143	3	9
felsen 7 11 6	2	0.667143	0	12
felsen 7 11 6	3	0.667143	0	13
felsen 7 11 7	1	0.607143	0	12
felsen 7 11 7	2	0.607143	0	13
felsen 7 11 7	3	0.607143	0	14
felsen 7 11 8	1	0.644286	2	10
felsen 7 11 8	2	0.644286	0	13
felsen 7 11 8	3	0.644286	0	13
felsen 7 11 9	1	0.674286	3	8
felsen 7 11 9	2	0.674286	2	14
felsen 7 11 9	3	0.674286	0	14
felsen 7 11 10	1	0.607143	0	12
felsen 7 11 10	2	0.607143	0	13
felsen 7 11 10	3	0.607143	0	14
felsen 7 12 1	1	0.582857	3	11
felsen 7 12 1	2	0.582857	0	14
felsen 7 12 1	3	0.582857	0	14
felsen 7 12 2	1	0.607143	0	12
felsen 7 12 2	2	0.607143	0	14
felsen 7 12 2	3	0.607143	0	14
felsen 7 12 3	1	0.607143	0	12
felsen 7 12 3	2	0.607143	0	14
felsen 7 12 3	3	0.607143	0	14
felsen 7 12 4	1	0.607143	0	12
felsen 7 12 4	2	0.607143	0	14
felsen 7 12 4	3	0.607143	0	14
felsen 7 12 5	1	0.571429	0	13
felsen 7 12 5	2	0.571429	0	14
felsen 7 12 5	3	0.571429	0	14
felsen 7 12 6	1	0.608571	2	11
felsen 7 12 6	2	0.608571	0	13
felsen 7 12 6	3	0.608571	0	14
felsen 7 12 7	1	0.607143	0	12
felsen 7 12 7	2	0.607143	0	13
felsen 7 12 7	3	0.607143	0	14
felsen 7 12 8	1	0.608571	2	11
felsen 7 12 8	2	0.608571	0	13
felsen 7 12 8	3	0.608571	0	14
felsen 7 12 9	1	0.641429	3	9
felsen 7 12 9	2	0.641429	2	14
felsen 7 12 9	3	0.641429	0	14
felsen 7 12 10	1	0.607143	0	12
felsen 7 12 10	2	0.607143	0	13
felsen 7 12 10	3	0.607143	0	14
felsen 7 13 1	1	0.607143	0	12
felsen 7 13 1	2	0.607143	0	14
felsen 7 13 1	3	0.607143	0	14
felsen 7 13 2	1	0.5	0	14
felsen 7 13 2	2	0.5	0	14
felsen 7 13 2	3	0.5	0	14
felsen 7 13 3	1	0.607143	0	12
felsen 7 13 3	2	0.607143	0	14
felsen 7 13 3	3	0.607143	0	14
felsen 7 13 4	1	0.607143	0	12
felsen 7 13 4	2	0.607143	0	14
felsen 7 13 4	3	0.607143	0	14
felsen 7 13 5	1	0.571429	0	13
felsen 7 13 5	2	0.571429	0	14
felsen 7 13 5	3	0.571429	0	14
felsen 7 13 6	1	0.602857	2	11
felsen 7 13 6	2	0.602857	0	14
felsen 7 13 6	3	0.602857	0	14
felsen 7 13 7	1	0.571429	0	13
felsen 7 13 7	2	0.571429	0	14
felsen 7 13 7	3	0.571429	0	14
felsen 7 13 8	1	0.587143	1	12
felsen 7 13 8	2	0.587143	0	14
felsen 7 13 8	3	0.587143	0	14
felsen 7 13 9	1	0.567143	2	12
felsen 7 13 9	2	0.567143	0	14
felsen 7 13 9	3	0.567143	0	14
felsen 7 13 10	1	0.571429	0	13
felsen 7 13 10	2	0.571429	0	14
felsen 7 13 10	3	0.571429	0	14
felsen 8 7 1	1	0.698571	16	3
felsen 8 7 1	2	0.698571	6	7
felsen 8 7 1	3	0.698571	2	10
felsen 8 7 2	1	0.76	9	5
felsen 8 7 2	2	0.76	1	8
felsen 8 7 2	3	0.76	0	10
felsen 8 7 3	1	0.74	7	5
felsen 8 7 3	2	0.74	4	9
felsen 8 7 3	3	0.74	2	10
felsen 8 7 4	1	0.63	11	7
felsen 8 7 4	2	0.63	4	9
felsen 8 7 4	3	0.63	2	10
felsen 8 7 5	1	0.624286	10	7
felsen 8 7 5	2	0.624286	4	10
felsen 8 7 5	3	0.624286	1	12
felsen 8 7 6	1	0.792857	13	2
felsen 8 7 6	2	0.792857	5	6
felsen 8 7 6	3	0.792857	3	8
felsen 8 7 7	1	0.61	9	8
felsen 8 7 7	2	0.61	3	9
felsen 8 7 7	3	0.61	2	12
felsen 8 7 8	1	0.634286	9	6
felsen 8 7 8	2	0.634286	7	9
felsen 8 7 8	3	0.634286	4	11
felsen 8 7 9	1	0.725714	7	6
felsen 8 7 9	2	0.725714	3	8
felsen 8 7 9	3	0.725714	0	12
felsen 8 7 10	1	0.657143	13	5
felsen 8 7 10	2	0.657143	5	8
felsen 8 7 10	3	0.657143	2	12
felsen 8 8 1	1	0.712857	14	3
felsen 8 8 1	2	0.712857	3	9
felsen 8 8 1	3	0.712857	2	10
felsen 8 8 2	1	0.77	8	5
felsen 8 8 2	2	0.77	1	8
felsen 8 8 2	3	0.77	0	10
felsen 8 8 3	1	0.744286	5	6
felsen 8 8 3	2	0.744286	2	9
felsen 8 8 3	3	0.744286	2	10
felsen 8 8 4	1	0.66	8	7
felsen 8 8 4	2	0.66	3	10
felsen 8 8 4	3	0.66	1	10
felsen 8 8 5	1	0.62	7	9
felsen 8 8 5	2	0.62	1	10
felsen 8 8 5	3	0.62	0	12
felsen 8 8 6	1	0.811429	9	3
felsen 8 8 6	2	0.811429	5	6
felsen 8 8 6	3	0.811429	2	8
felsen 8 8 7	1	0.67	6	8
felsen 8 8 7	2	0.67	2	9
felsen 8 8 7	3	0.67	0	12
felsen 8 8 8	1	0.722857	5	7
felsen 8 8 8	2	0.722857	1	9
felsen 8 8 8	3	0.722857	0	11
felsen 8 8 9	1	0.725714	4	7
felsen 8 8 9	2	0.725714	2	9
felsen 8 8 9	3	0.725714	0	12
felsen 8 8 10	1	0.747143	7	5
felsen 8 8 10	2	0.747143	3	9
felsen 8 8 10	3	0.747143	0	12
felsen 8 9 1	1	0.742857	13	3
felsen 8 9 1	2	0.742857	2	9
felsen 8 9 1	3	0.742857	2	11
felsen 8 9 2	1	0.777143	8	5
felsen 8 9 2	2	0.777143	0	8
felsen 8 9 2	3	0.777143	0	10
felsen 8 9 3	1	0.75	5	6
felsen 8 9 3	2	0.75	1	10
felsen 8 9 3	3	0.75	1	10
felsen 8 9 4	1	0.651429	7	8
felsen 8 9 4	2	0.651429	2	10
felsen 8 9 4	3	0.651429	0	11
felsen 8 9 5	1	0.662857	4	9
felsen 8 9 5	2	0.662857	0	10
felsen 8 9 5	3	0.662857	0	12
felsen 8 9 6	1	0.78	8	4
felsen 8 9 6	2	0.78	3	8
felsen 8 9 6	3	0.78	2	9
felsen 8 9 7	1	0.657143	4	9
felsen 8 9 7	2	0.657143	0	9
felsen 8 9 7	3	0.657143	0	13
felsen 8 9 8	1	0.757143	2	7
felsen 8 9 8	2	0.757143	0	11
felsen 8 9 8	3	0.757143	0	13
felsen 8 9 9	1	0.728571	3	7
felsen 8 9 9	2	0.728571	2	9
felsen 8 9 9	3	0.728571	0	14
felsen 8 9 10	1	0.792857	5	5
felsen 8 9 10	2	0.792857	0	10
felsen 8 9 10	3	0.792857	0	13
felsen 8 10 1	1	0.801429	6	3
felsen 8 10 1	2	0.801429	2	12
felsen 8 10 1	3	0.801429	0	12
felsen 8 10 2	1	0.741429	7	6
felsen 8 10 2	2	0.741429	0	9
felsen 8 10 2	3	0.741429	0	10
felsen 8 10 3	1	0.722857	4	7
felsen 8 10 3	2	0.722857	1	10
felsen 8 10 3	3	0.722857	1	12
felsen 8 10 4	1	0.685714	5	8
felsen 8 10 4	2	0.685714	0	10
felsen 8 10 4	3	0.685714	0	12
felsen 8 10 5	1	0.662857	1	10
felsen 8 10 5	2	0.662857	0	12
felsen 8 10 5	3	0.662857	0	14
felsen 8 10 6	1	0.795714	6	4
felsen 8 10 6	2	0.795714	2	9
felsen 8 10 6	3	0.795714	1	11
felsen 8 10 7	1	0.65	2	10
felsen 8 10 7	2	0.65	0	11
felsen 8 10 7	3	0.65	0	13
felsen 8 10 8	1	0.714286	0	9
felsen 8 10 8	2	0.714286	0	12
felsen 8 10 8	3	0.714286	0	14
felsen 8 10 9	1	0.682857	3	8
felsen 8 10 9	2	0.682857	2	12
felsen 8 10 9	3	0.682857	0	14
felsen 8 10 10	1	0.757143	2	7
felsen 8 10 10	2	0.757143	0	11
felsen 8 10 10	3	0.757143	0	14
felsen 8 11 1	1	0.745714	4	6
felsen 8 11 1	2	0.745714	1	12
felsen 8 11 1	3	0.745714	0	14
felsen 8 11 2	1	0.742857	3	7
felsen 8 11 2	2	0.742857	0	11
felsen 8 11 2	3	0.742857	0	14
felsen 8 11 3	1	0.742857	3	7
felsen 8 11 3	2	0.742857	0	11
felsen 8 11 3	3	0.742857	0	12
felsen 8 11 4	1	0.698571	4	8
felsen 8 11 4	2	0.698571	0	10
felsen 8 11 4	3	0.698571	0	13
felsen 8 11 5	1	0.627143	1	11
felsen 8 11 5	2	0.627143	0	12
felsen 8 11 5	3	0.627143	0	14
felsen 8 11 6	1	0.76	4	5
felsen 8 11 6	2	0.76	2	13
felsen 8 11 6	3	0.76	0	13
felsen 8 11 7	1	0.662857	1	10
felsen 8 11 7	2	0.662857	0	12
felsen 8 11 7	3	0.662857	0	13
felsen 8 11 8	1	0.678571	0	10
felsen 8 11 8	2	0.678571	0	13
felsen 8 11 8	3	0.678571	0	14
felsen 8 11 9	1	0.698571	2	8
felsen 8 11 9	2	0.698571	2	12
felsen 8 11 9	3	0.698571	0	14
felsen 8 11 10	1	0.718571	2	8
felsen 8 11 10	2	0.718571	0	12
felsen 8 11 10	3	0.718571	0	14
felsen 8 12 1	1	0.732857	1	8
felsen 8 12 1	2	0.732857	0	13
felsen 8 12 1	3	0.732857	0	14
felsen 8 12 2	1	0.714286	0	9
felsen 8 12 2	2	0.714286	0	13
felsen 8 12 2	3	0.714286	0	14
felsen 8 12 3	1	0.754286	2	7
felsen 8 12 3	2	0.754286	0	12
felsen 8 12 3	3	0.754286	0	14
felsen 8 12 4	1	0.702857	3	8
felsen 8 12 4	2	0.702857	0	12
felsen 8 12 4	3	0.702857	0	14
felsen 8 12 5	1	0.607143	0	12
felsen 8 12 5	2	0.607143	0	13
felsen 8 12 5	3	0.607143	0	14
felsen 8 12 6	1	0.671429	2	9
felsen 8 12 6	2	0.671429	1	13
felsen 8 12 6	3	0.671429	0	14
felsen 8 12 7	1	0.625714	1	11
felsen 8 12 7	2	0.625714	0	13
felsen 8 12 7	3	0.625714	0	14
felsen 8 12 8	1	0.607143	0	12
felsen 8 12 8	2	0.607143	0	13
felsen 8 12 8	3	0.607143	0	14
felsen 8 12 9	1	0.718571	2	8
felsen 8 12 9	2	0.718571	0	12
felsen 8 12 9	3	0.718571	0	14
felsen 8 12 10	1	0.642857	0	11
felsen 8 12 10	2	0.642857	0	13
felsen 8 12 10	3	0.642857	0	14
felsen 8 13 1	1	0.607143	0	12
felsen 8 13 1	2	0.607143	0	13
felsen 8 13 1	3	0.607143	0	14
felsen 8 13 2	1	0.571429	0	13
felsen 8 13 2	2	0.571429	0	14
felsen 8 13 2	3	0.571429	0	14
felsen 8 13 3	1	0.715714	2	8
felsen 8 13 3	2	0.715714	0	13
felsen 8 13 3	3	0.715714	0	14
felsen 8 13 4	1	0.587143	1	12
felsen 8 13 4	2	0.587143	0	14
felsen 8 13 4	3	0.587143	0	14
felsen 8 13 5	1	0.571429	0	13
felsen 8 13 5	2	0.571429	0	13
felsen 8 13 5	3	0.571429	0	14
felsen 8 13 6	1	0.678571	0	10
felsen 8 13 6	2	0.678571	0	13
felsen 8 13 6	3	0.678571	0	14
felsen 8 13 7	1	0.571429	0	13
felsen 8 13 7	2	0.571429	0	13
felsen 8 13 7	3	0.571429	0	14
felsen 8 13 8	1	0.607143	0	12
felsen 8 13 8	2	0.607143	0	13
felsen 8 13 8	3	0.607143	0	14
felsen 8 13 9	1	0.602857	2	11
felsen 8 13 9	2	0.602857	0	14
felsen 8 13 9	3	0.602857	0	14
felsen 8 13 10	1	0.571429	0	13
felsen 8 13 10	2	0.571429	0	14
felsen 8 13 10	3	0.571429	0	14
felsen 9 7 1	1	0.722857	10	5
felsen 9 7 1	2	0.722857	2	9
felsen 9 7 1	3	0.722857	0	12
felsen 9 7 2	1	0.742857	4	6
felsen 9 7 2	2	0.742857	3	10
felsen 9 7 2	3	0.742857	1	10
felsen 9 7 3	1	0.82	5	3
felsen 9 7 3	2	0.82	3	10
felsen 9 7 3	3	0.82	1	12
felsen 9 7 4	1	0.541429	11	9
felsen 9 7 4	2	0.541429	3	11
felsen 9 7 4	3	0.541429	1	12
felsen 9 7 5	1	0.73	9	5
felsen 9 7 5	2	0.73	1	10
felsen 9 7 5	3	0.73	0	13
felsen 9 7 6	1	0.668571	7	7
felsen 9 7 6	2	0.668571	2	11
felsen 9 7 6	3	0.668571	0	13
felsen 9 7 7	1	0.671429	10	6
felsen 9 7 7	2	0.671429	3	9
felsen 9 7 7	3	0.671429	1	12
felsen 9 7 8	1	0.592857	11	8
felsen 9 7 8	2	0.592857	1	10
felsen 9 7 8	3	0.592857	1	13
felsen 9 7 9	1	0.72	8	4
felsen 9 7 9	2	0.72	3	12
felsen 9 7 9	3	0.72	0	14
felsen 9 7 10	1	0.672857	12	5
felsen 9 7 10	2	0.672857	3	10
felsen 9 7 10	3	0.672857	0	12
felsen 9 8 1	1	0.801429	4	5
felsen 9 8 1	2	0.801429	1	9
felsen 9 8 1	3	0.801429	0	12
felsen 9 8 2	1	0.7	3	8
felsen 9 8 2	2	0.7	2	10
felsen 9 8 2	3	0.7	0	10
felsen 9 8 3	1	0.794286	4	5
felsen 9 8 3	2	0.794286	1	10
felsen 9 8 3	3	0.794286	0	13
felsen 9 8 4	1	0.515714	8	11
felsen 9 8 4	2	0.515714	0	11
felsen 9 8 4	3	0.515714	0	12
felsen 9 8 5	1	0.742857	8	5
felsen 9 8 5	2	0.742857	0	11
felsen 9 8 5	3	0.742857	0	13
felsen 9 8 6	1	0.682857	6	7
felsen 9 8 6	2	0.682857	0	13
felsen 9 8 6	3	0.682857	0	13
felsen 9 8 7	1	0.671429	6	7
felsen 9 8 7	2	0.671429	3	11
felsen 9 8 7	3	0.671429	1	12
felsen 9 8 8	1	0.535714	10	10
felsen 9 8 8	2	0.535714	0	11
felsen 9 8 8	3	0.535714	0	13
felsen 9 8 9	1	0.782857	6	4
felsen 9 8 9	2	0.782857	1	12
felsen 9 8 9	3	0.782857	0	14
felsen 9 8 10	1	0.707143	8	6
felsen 9 8 10	2	0.707143	0	11
felsen 9 8 10	3	0.707143	0	13
felsen 9 9 1	1	0.822857	3	5
felsen 9 9 1	2	0.822857	0	9
felsen 9 9 1	3	0.822857	0	12
felsen 9 9 2	1	0.682857	2	9
felsen 9 9 2	2	0.682857	1	10
felsen 9 9 2	3	0.682857	0	10
felsen 9 9 3	1	0.828571	2	5
felsen 9 9 3	2	0.828571	0	11
felsen 9 9 3	3	0.828571	0	13
felsen 9 9 4	1	0.562857	5	11
felsen 9 9 4	2	0.562857	0	11
felsen 9 9 4	3	0.562857	0	12
felsen 9 9 5	1	0.785714	5	5
felsen 9 9 5	2	0.785714	0	11
felsen 9 9 5	3	0.785714	0	13
felsen 9 9 6	1	0.734286	3	7
felsen 9 9 6	2	0.734286	0	13
felsen 9 9 6	3	0.734286	0	13
felsen 9 9 7	1	0.707143	4	7
felsen 9 9 7	2	0.707143	2	11
felsen 9 9 7	3	0.707143	1	12
felsen 9 9 8	1	0.621429	4	10
felsen 9 9 8	2	0.621429	0	11
felsen 9 9 8	3	0.621429	0	13
felsen 9 9 9	1	0.81	3	5
felsen 9 9 9	2	0.81	0	12
felsen 9 9 9	3	0.81	0	14
felsen 9 9 10	1	0.714286	5	7
felsen 9 9 10	2	0.714286	0	11
felsen 9 9 10	3	0.714286	0	13
felsen 9 10 1	1	0.822857	3	5
felsen 9 10 1	2	0.822857	0	9
felsen 9 10 1	3	0.822857	0	12
felsen 9 10 2	1	0.685714	2	9
felsen 9 10 2	2	0.685714	1	10
felsen 9 10 2	3	0.685714	0	11
felsen 9 10 3	1	0.841429	1	5
felsen 9 10 3	2	0.841429	0	12
felsen 9 10 3	3	0.841429	0	13
felsen 9 10 4	1	0.61	2	11
felsen 9 10 4	2	0.61	0	11
felsen 9 10 4	3	0.61	0	12
felsen 9 10 5	1	0.728571	4	7
felsen 9 10 5	2	0.728571	0	11
felsen 9 10 5	3	0.728571	0	13
felsen 9 10 6	1	0.751429	2	7
felsen 9 10 6	2	0.751429	0	13
felsen 9 10 6	3	0.751429	0	14
felsen 9 10 7	1	0.728571	3	7
felsen 9 10 7	2	0.728571	1	11
felsen 9 10 7	3	0.728571	1	12
felsen 9 10 8	1	0.635714	3	10
felsen 9 10 8	2	0.635714	0	11
felsen 9 10 8	3	0.635714	0	13
felsen 9 10 9	1	0.754286	2	7
felsen 9 10 9	2	0.754286	0	12
felsen 9 10 9	3	0.754286	0	14
felsen 9 10 10	1	0.721429	2	8
felsen 9 10 10	2	0.721429	0	11
felsen 9 10 10	3	0.721429	0	14
felsen 9 11 1	1	0.822857	3	5
felsen 9 11 1	2	0.822857	0	9
felsen 9 11 1	3	0.822857	0	12
felsen 9 11 2	1	0.701429	1	9
felsen 9 11 2	2	0.701429	0	10
felsen 9 11 2	3	0.701429	0	11
felsen 9 11 3	1	0.697143	1	9
felsen 9 11 3	2	0.697143	0	13
felsen 9 11 3	3	0.697143	0	13
felsen 9 11 4	1	0.627143	1	11
felsen 9 11 4	2	0.627143	0	12
felsen 9 11 4	3	0.627143	0	14
felsen 9 11 5	1	0.667143	3	9
felsen 9 11 5	2	0.667143	0	12
felsen 9 11 5	3	0.667143	0	13
felsen 9 11 6	1	0.732857	1	8
felsen 9 11 6	2	0.732857	0	13
felsen 9 11 6	3	0.732857	0	14
felsen 9 11 7	1	0.747143	2	7
felsen 9 11 7	2	0.747143	1	11
felsen 9 11 7	3	0.747143	1	12
felsen 9 11 8	1	0.595714	3	11
felsen 9 11 8	2	0.595714	0	12
felsen 9 11 8	3	0.595714	0	13
felsen 9 11 9	1	0.732857	1	8
felsen 9 11 9	2	0.732857	0	13
felsen 9 11 9	3	0.732857	0	14
felsen 9 11 10	1	0.734286	1	8
felsen 9 11 10	2	0.734286	0	12
felsen 9 11 10	3	0.734286	0	14
felsen 9 12 1	1	0.782857	3	6
felsen 9 12 1	2	0.782857	0	10
felsen 9 12 1	3	0.782857	0	13
felsen 9 12 2	1	0.664286	1	10
felsen 9 12 2	2	0.664286	0	11
felsen 9 12 2	3	0.664286	0	12
felsen 9 12 3	1	0.642857	0	11
felsen 9 12 3	2	0.642857	0	13
felsen 9 12 3	3	0.642857	0	13
felsen 9 12 4	1	0.607143	0	12
felsen 9 12 4	2	0.607143	0	13
felsen 9 12 4	3	0.607143	0	14
felsen 9 12 5	1	0.662857	3	9
felsen 9 12 5	2	0.662857	0	13
felsen 9 12 5	3	0.662857	0	14
felsen 9 12 6	1	0.678571	0	10
felsen 9 12 6	2	0.678571	0	13
felsen 9 12 6	3	0.678571	0	14
felsen 9 12 7	1	0.722857	1	8
felsen 9 12 7	2	0.722857	1	11
felsen 9 12 7	3	0.722857	1	13
felsen 9 12 8	1	0.572857	2	12
felsen 9 12 8	2	0.572857	0	13
felsen 9 12 8	3	0.572857	0	13
felsen 9 12 9	1	0.694286	1	9
felsen 9 12 9	2	0.694286	0	14
felsen 9 12 9	3	0.694286	0	14
felsen 9 12 10	1	0.678571	0	10
felsen 9 12 10	2	0.678571	0	14
felsen 9 12 10	3	0.678571	0	14
felsen 9 13 1	1	0.721429	2	8
felsen 9 13 1	2	0.721429	0	11
felsen 9 13 1	3	0.721429	0	14
felsen 9 13 2	1	0.662857	1	10
felsen 9 13 2	2	0.662857	0	12
felsen 9 13 2	3	0.662857	0	14
felsen 9 13 3	1	0.642857	0	11
felsen 9 13 3	2	0.642857	0	13
felsen 9 13 3	3	0.642857	0	14
felsen 9 13 4	1	0.571429	0	13
felsen 9 13 4	2	0.571429	0	13
felsen 9 13 4	3	0.571429	0	14
felsen 9 13 5	1	0.622857	1	11
felsen 9 13 5	2	0.622857	0	14
felsen 9 13 5	3	0.622857	0	14
felsen 9 13 6	1	0.678571	0	10
felsen 9 13 6	2	0.678571	0	13
felsen 9 13 6	3	0.678571	0	14
felsen 9 13 7	1	0.727143	1	8
felsen 9 13 7	2	0.727143	1	12
felsen 9 13 7	3	0.727143	0	13
felsen 9 13 8	1	0.55	1	13
felsen 9 13 8	2	0.55	0	13
felsen 9 13 8	3	0.55	0	13
felsen 9 13 9	1	0.658571	1	10
felsen 9 13 9	2	0.658571	0	14
felsen 9 13 9	3	0.658571	0	14
felsen 9 13 10	1	0.678571	0	10
felsen 9 13 10	2	0.678571	0	14
felsen 9 13 10	3	0.678571	0	14
felsen 10 7 1	1	0.758571	3	6
felsen 10 7 1	2	0.758571	2	10
felsen 10 7 1	3	0.758571	1	12
felsen 10 7 2	1	0.704286	5	7
felsen 10 7 2	2	0.704286	2	10
felsen 10 7 2	3	0.704286	1	10
felsen 10 7 3	1	0.595714	8	9
felsen 10 7 3	2	0.595714	1	11
felsen 10 7 3	3	0.595714	0	12
felsen 10 7 4	1	0.738571	7	5
felsen 10 7 4	2	0.738571	1	11
felsen 10 7 4	3	0.738571	1	13
felsen 10 7 5	1	0.618571	10	7
felsen 10 7 5	2	0.618571	3	11
felsen 10 7 5	3	0.618571	1	12
felsen 10 7 6	1	0.665714	8	7
felsen 10 7 6	2	0.665714	2	10
felsen 10 7 6	3	0.665714	2	11
felsen 10 7 7	1	0.665714	7	7
felsen 10 7 7	2	0.665714	0	13
felsen 10 7 7	3	0.665714	0	14
felsen 10 7 8	1	0.675714	9	6
felsen 10 7 8	2	0.675714	2	11
felsen 10 7 8	3	0.675714	0	12
felsen 10 7 9	1	0.572857	12	7
felsen 10 7 9	2	0.572857	4	11
felsen 10 7 9	3	0.572857	1	13
felsen 10 7 10	1	0.635714	7	8
felsen 10 7 10	2	0.635714	2	10
felsen 10 7 10	3	0.635714	2	12
felsen 10 8 1	1	0.774286	3	6
felsen 10 8 1	2	0.774286	1	10
felsen 10 8 1	3	0.774286	0	12
felsen 10 8 2	1	0.67	3	9
felsen 10 8 2	2	0.67	1	10
felsen 10 8 2	3	0.67	0	10
felsen 10 8 3	1	0.59	6	10
felsen 10 8 3	2	0.59	1	11
felsen 10 8 3	3	0.59	0	12
felsen 10 8 4	1	0.711429	7	6
felsen 10 8 4	2	0.711429	1	11
felsen 10 8 4	3	0.711429	0	13
felsen 10 8 5	1	0.652857	6	8
felsen 10 8 5	2	0.652857	2	11
felsen 10 8 5	3	0.652857	0	12
felsen 10 8 6	1	0.715714	5	7
felsen 10 8 6	2	0.715714	1	10
felsen 10 8 6	3	0.715714	0	11
felsen 10 8 7	1	0.734286	3	7
felsen 10 8 7	2	0.734286	0	13
felsen 10 8 7	3	0.734286	0	14
felsen 10 8 8	1	0.671429	8	7
felsen 10 8 8	2	0.671429	0	11
felsen 10 8 8	3	0.671429	0	14
felsen 10 8 9	1	0.571429	8	9
felsen 10 8 9	2	0.571429	3	12
felsen 10 8 9	3	0.571429	0	13
felsen 10 8 10	1	0.664286	4	8
felsen 10 8 10	2	0.664286	2	12
felsen 10 8 10	3	0.664286	2	13
felsen 10 9 1	1	0.787143	2	6
felsen 10 9 1	2	0.787143	1	10
felsen 10 9 1	3	0.787143	0	12
felsen 10 9 2	1	0.67	3	9
felsen 10 9 2	2	0.67	1	10
felsen 10 9 2	3	0.67	0	10
felsen 10 9 3	1	0.611429	2	11
felsen 10 9 3	2	0.611429	0	12
felsen 10 9 3	3	0.611429	0	12
felsen 10 9 4	1	0.685714	7	7
felsen 10 9 4	2	0.685714	0	11
felsen 10 9 4	3	0.685714	0	13
felsen 10 9 5	1	0.638571	5	9
felsen 10 9 5	2	0.638571	1	11
felsen 10 9 5	3	0.638571	0	12
felsen 10 9 6	1	0.721429	2	8
felsen 10 9 6	2	0.721429	0	11
felsen 10 9 6	3	0.721429	0	13
felsen 10 9 7	1	0.768571	1	7
felsen 10 9 7	2	0.768571	0	13
felsen 10 9 7	3	0.768571	0	14
felsen 10 9 8	1	0.75	0	8
felsen 10 9 8	2	0.75	0	12
felsen 10 9 8	3	0.75	0	14
felsen 10 9 9	1	0.608571	6	9
felsen 10 9 9	2	0.608571	2	12
felsen 10 9 9	3	0.608571	0	13
felsen 10 9 10	1	0.627143	4	9
felsen 10 9 10	2	0.627143	2	13
felsen 10 9 10	3	0.627143	1	13
felsen 10 10 1	1	0.787143	2	6
felsen 10 10 1	2	0.787143	1	10
felsen 10 10 1	3	0.787143	0	12
felsen 10 10 2	1	0.701429	1	9
felsen 10 10 2	2	0.701429	0	10
felsen 10 10 2	3	0.701429	0	11
felsen 10 10 3	1	0.627143	1	11
felsen 10 10 3	2	0.627143	0	12
felsen 10 10 3	3	0.627143	0	12
felsen 10 10 4	1	0.664286	6	8
felsen 10 10 4	2	0.664286	0	11
felsen 10 10 4	3	0.664286	0	13
felsen 10 10 5	1	0.667143	3	9
felsen 10 10 5	2	0.667143	1	11
felsen 10 10 5	3	0.667143	0	12
felsen 10 10 6	1	0.735714	1	8
felsen 10 10 6	2	0.735714	0	11
felsen 10 10 6	3	0.735714	0	13
felsen 10 10 7	1	0.768571	1	7
felsen 10 10 7	2	0.768571	0	13
felsen 10 10 7	3	0.768571	0	14
felsen 10 10 8	1	0.75	0	8
felsen 10 10 8	2	0.75	0	12
felsen 10 10 8	3	0.75	0	14
felsen 10 10 9	1	0.64	4	9
felsen 10 10 9	2	0.64	2	12
felsen 10 10 9	3	0.64	0	13
felsen 10 10 10	1	0.628571	4	9
felsen 10 10 10	2	0.628571	2	13
felsen 10 10 10	3	0.628571	0	13
felsen 10 11 1	1	0.782857	2	6
felsen 10 11 1	2	0.782857	1	10
felsen 10 11 1	3	0.782857	0	14
felsen 10 11 2	1	0.7	1	9
felsen 10 11 2	2	0.7	0	11
felsen 10 11 2	3	0.7	0	12
felsen 10 11 3	1	0.627143	1	11
felsen 10 11 3	2	0.627143	0	12
felsen 10 11 3	3	0.627143	0	13
felsen 10 11 4	1	0.657143	4	9
felsen 10 11 4	2	0.657143	0	11
felsen 10 11 4	3	0.657143	0	13
felsen 10 11 5	1	0.667143	3	9
felsen 10 11 5	2	0.667143	1	11
felsen 10 11 5	3	0.667143	0	12
felsen 10 11 6	1	0.75	0	8
felsen 10 11 6	2	0.75	0	11
felsen 10 11 6	3	0.75	0	14
felsen 10 11 7	1	0.768571	1	7
felsen 10 11 7	2	0.768571	0	13
felsen 10 11 7	3	0.768571	0	14
felsen 10 11 8	1	0.714286	0	9
felsen 10 11 8	2	0.714286	0	13
felsen 10 11 8	3	0.714286	0	14
felsen 10 11 9	1	0.647143	2	10
felsen 10 11 9	2	0.647143	0	12
felsen 10 11 9	3	0.647143	0	13
felsen 10 11 10	1	0.618571	3	10
felsen 10 11 10	2	0.618571	1	13
felsen 10 11 10	3	0.618571	0	13
felsen 10 12 1	1	0.782857	2	6
felsen 10 12 1	2	0.782857	1	10
felsen 10 12 1	3	0.782857	0	14
felsen 10 12 2	1	0.7	1	9
felsen 10 12 2	2	0.7	0	11
felsen 10 12 2	3	0.7	0	13
felsen 10 12 3	1	0.642857	0	11
felsen 10 12 3	2	0.642857	0	12
felsen 10 12 3	3	0.642857	0	14
felsen 10 12 4	1	0.611429	2	11
felsen 10 12 4	2	0.611429	0	12
felsen 10 12 4	3	0.611429	0	13
felsen 10 12 5	1	0.68	2	9
felsen 10 12 5	2	0.68	1	11
felsen 10 12 5	3	0.68	0	13
felsen 10 12 6	1	0.714286	0	9
felsen 10 12 6	2	0.714286	0	12
felsen 10 12 6	3	0.714286	0	14
felsen 10 12 7	1	0.732857	1	8
felsen 10 12 7	2	0.732857	0	13
felsen 10 12 7	3	0.732857	0	14
felsen 10 12 8	1	0.678571	0	10
felsen 10 12 8	2	0.678571	0	13
felsen 10 12 8	3	0.678571	0	14
felsen 10 12 9	1	0.661429	1	10
felsen 10 12 9	2	0.661429	0	13
felsen 10 12 9	3	0.661429	0	14
felsen 10 12 10	1	0.652857	1	10
felsen 10 12 10	2	0.652857	1	13
felsen 10 12 10	3	0.652857	0	13
felsen 10 13 1	1	0.734286	1	8
felsen 10 13 1	2	0.734286	0	12
felsen 10 13 1	3	0.734286	0	14
felsen 10 13 2	1	0.662857	1	10
felsen 10 13 2	2	0.662857	0	12
felsen 10 13 2	3	0.662857	0	13
felsen 10 13 3	1	0.571429	0	13
felsen 10 13 3	2	0.571429	0	13
felsen 10 13 3	3	0.571429	0	14
felsen 10 13 4	1	0.611429	2	11
felsen 10 13 4	2	0.611429	0	12
felsen 10 13 4	3	0.611429	0	13
felsen 10 13 5	1	0.661429	1	10
felsen 10 13 5	2	0.661429	0	13
felsen 10 13 5	3	0.661429	0	14
felsen 10 13 6	1	0.714286	0	9
felsen 10 13 6	2	0.714286	0	13
felsen 10 13 6	3	0.714286	0	14
felsen 10 13 7	1	0.642857	0	11
felsen 10 13 7	2	0.642857	0	13
felsen 10 13 7	3	0.642857	0	14
felsen 10 13 8	1	0.678571	0	10
felsen 10 13 8	2	0.678571	0	14
felsen 10 13 8	3	0.678571	0	14
felsen 10 13 9	1	0.607143	0	12
felsen 10 13 9	2	0.607143	0	13
felsen 10 13 9	3	0.607143	0	14
felsen 10 13 10	1	0.607143	0	12
felsen 10 13 10	2	0.607143	0	13
felsen 10 13 10	3	0.607143	0	13
felsen 11 7 1	1	0.711429	7	6
felsen 11 7 1	2	0.711429	1	11
felsen 11 7 1	3	0.711429	0	13
felsen 11 7 2	1	0.671429	6	7
felsen 11 7 2	2	0.671429	1	13
felsen 11 7 2	3	0.671429	0	14
felsen 11 7 3	1	0.62	4	10
felsen 11 7 3	2	0.62	0	10
felsen 11 7 3	3	0.62	0	11
felsen 11 7 4	1	0.704286	7	5
felsen 11 7 4	2	0.704286	3	12
felsen 11 7 4	3	0.704286	1	14
felsen 11 7 5	1	0.605714	6	9
felsen 11 7 5	2	0.605714	3	11
felsen 11 7 5	3	0.605714	1	13
felsen 11 7 6	1	0.682857	2	9
felsen 11 7 6	2	0.682857	0	12
felsen 11 7 6	3	0.682857	0	14
felsen 11 7 7	1	0.628571	5	9
felsen 11 7 7	2	0.628571	0	13
felsen 11 7 7	3	0.628571	0	14
felsen 11 7 8	1	0.647143	2	10
felsen 11 7 8	2	0.647143	0	12
felsen 11 7 8	3	0.647143	0	13
felsen 11 7 9	1	0.671429	5	8
felsen 11 7 9	2	0.671429	0	12
felsen 11 7 9	3	0.671429	0	14
felsen 11 7 10	1	0.651429	4	9
felsen 11 7 10	2	0.651429	0	12
felsen 11 7 10	3	0.651429	0	14
felsen 11 8 1	1	0.655714	6	8
felsen 11 8 1	2	0.655714	0	12
felsen 11 8 1	3	0.655714	0	13
felsen 11 8 2	1	0.671429	6	7
felsen 11 8 2	2	0.671429	1	13
felsen 11 8 2	3	0.671429	0	14
felsen 11 8 3	1	0.635714	3	10
felsen 11 8 3	2	0.635714	0	11
felsen 11 8 3	3	0.635714	0	11
felsen 11 8 4	1	0.704286	7	5
felsen 11 8 4	2	0.704286	3	12
felsen 11 8 4	3	0.704286	1	14
felsen 11 8 5	1	0.661429	3	9
felsen 11 8 5	2	0.661429	1	12
felsen 11 8 5	3	0.661429	0	13
felsen 11 8 6	1	0.682857	2	9
felsen 11 8 6	2	0.682857	0	12
felsen 11 8 6	3	0.682857	0	14
felsen 11 8 7	1	0.634286	4	9
felsen 11 8 7	2	0.634286	0	14
felsen 11 8 7	3	0.634286	0	14
felsen 11 8 8	1	0.662857	1	10
felsen 11 8 8	2	0.662857	0	12
felsen 11 8 8	3	0.662857	0	13
felsen 11 8 9	1	0.667143	3	9
felsen 11 8 9	2	0.667143	0	12
felsen 11 8 9	3	0.667143	0	14
felsen 11 8 10	1	0.667143	3	9
felsen 11 8 10	2	0.667143	0	12
felsen 11 8 10	3	0.667143	0	14
felsen 11 9 1	1	0.671429	5	8
felsen 11 9 1	2	0.671429	0	12
felsen 11 9 1	3	0.671429	0	13
felsen 11 9 2	1	0.7	5	7
felsen 11 9 2	2	0.7	0	13
felsen 11 9 2	3	0.7	0	14
felsen 11 9 3	1	0.65	2	10
felsen 11 9 3	2	0.65	0	11
felsen 11 9 3	3	0.65	0	14
felsen 11 9 4	1	0.761429	5	5
felsen 11 9 4	2	0.761429	1	12
felsen 11 9 4	3	0.761429	1	14
felsen 11 9 5	1	0.697143	1	9
felsen 11 9 5	2	0.697143	0	13
felsen 11 9 5	3	0.697143	0	13
felsen 11 9 6	1	0.611429	2	11
felsen 11 9 6	2	0.611429	0	12
felsen 11 9 6	3	0.611429	0	14
felsen 11 9 7	1	0.634286	4	9
felsen 11 9 7	2	0.634286	0	14
felsen 11 9 7	3	0.634286	0	14
felsen 11 9 8	1	0.625714	1	11
felsen 11 9 8	2	0.625714	0	13
felsen 11 9 8	3	0.625714	0	13
felsen 11 9 9	1	0.667143	3	9
felsen 11 9 9	2	0.667143	0	12
felsen 11 9 9	3	0.667143	0	14
felsen 11 9 10	1	0.697143	1	9
felsen 11 9 10	2	0.697143	0	13
felsen 11 9 10	3	0.697143	0	14
felsen 11 10 1	1	0.687143	4	8
felsen 11 10 1	2	0.687143	0	12
felsen 11 10 1	3	0.687143	0	13
felsen 11 10 2	1	0.734286	3	7
felsen 11 10 2	2	0.734286	0	13
felsen 11 10 2	3	0.734286	0	14
felsen 11 10 3	1	0.664286	1	10
felsen 11 10 3	2	0.664286	0	11
felsen 11 10 3	3	0.664286	0	14
felsen 11 10 4	1	0.777143	4	5
felsen 11 10 4	2	0.777143	1	12
felsen 11 10 4	3	0.777143	1	14
felsen 11 10 5	1	0.697143	1	9
felsen 11 10 5	2	0.697143	0	13
felsen 11 10 5	3	0.697143	0	13
felsen 11 10 6	1	0.627143	1	11
felsen 11 10 6	2	0.627143	0	12
felsen 11 10 6	3	0.627143	0	14
felsen 11 10 7	1	0.634286	4	9
felsen 11 10 7	2	0.634286	0	14
felsen 11 10 7	3	0.634286	0	14
felsen 11 10 8	1	0.625714	1	11
felsen 11 10 8	2	0.625714	0	13
felsen 11 10 8	3	0.625714	0	13
felsen 11 10 9	1	0.654286	3	9
felsen 11 10 9	2	0.654286	0	14
felsen 11 10 9	3	0.654286	0	14
felsen 11 10 10	1	0.697143	1	9
felsen 11 10 10	2	0.697143	0	13
felsen 11 10 10	3	0.697143	0	14
felsen 11 11 1	1	0.687143	4	8
felsen 11 11 1	2	0.687143	0	12
felsen 11 11 1	3	0.687143	0	13
felsen 11 11 2	1	0.715714	2	8
felsen 11 11 2	2	0.715714	0	13
felsen 11 11 2	3	0.715714	0	14
felsen 11 11 3	1	0.678571	0	10
felsen 11 11 3	2	0.678571	0	11
felsen 11 11 3	3	0.678571	0	14
felsen 11 11 4	1	0.795714	3	5
felsen 11 11 4	2	0.795714	1	12
felsen 11 11 4	3	0.795714	0	14
felsen 11 11 5	1	0.697143	1	9
felsen 11 11 5	2	0.697143	0	13
felsen 11 11 5	3	0.697143	0	13
felsen 11 11 6	1	0.642857	0	11
felsen 11 11 6	2	0.642857	0	13
felsen 11 11 6	3	0.642857	0	14
felsen 11 11 7	1	0.674286	2	9
felsen 11 11 7	2	0.674286	0	14
felsen 11 11 7	3	0.674286	0	14
felsen 11 11 8	1	0.642857	0	11
felsen 11 11 8	2	0.642857	0	13
felsen 11 11 8	3	0.642857	0	13
felsen 11 11 9	1	0.694286	1	9
felsen 11 11 9	2	0.694286	0	14
felsen 11 11 9	3	0.694286	0	14
felsen 11 11 10	1	0.678571	0	10
felsen 11 11 10	2	0.678571	0	13
felsen 11 11 10	3	0.678571	0	14
felsen 11 12 1	1	0.718571	2	8
felsen 11 12 1	2	0.718571	0	12
felsen 11 12 1	3	0.718571	0	14
felsen 11 12 2	1	0.71	2	8
felsen 11 12 2	2	0.71	0	14
felsen 11 12 2	3	0.71	0	14
felsen 11 12 3	1	0.678571	0	10
felsen 11 12 3	2	0.678571	0	11
felsen 11 12 3	3	0.678571	0	14
felsen 11 12 4	1	0.777143	2	6
felsen 11 12 4	2	0.777143	1	12
felsen 11 12 4	3	0.777143	0	14
felsen 11 12 5	1	0.697143	1	9
felsen 11 12 5	2	0.697143	0	13
felsen 11 12 5	3	0.697143	0	13
felsen 11 12 6	1	0.642857	0	11
felsen 11 12 6	2	0.642857	0	13
felsen 11 12 6	3	0.642857	0	14
felsen 11 12 7	1	0.694286	1	9
felsen 11 12 7	2	0.694286	0	14
felsen 11 12 7	3	0.694286	0	14
felsen 11 12 8	1	0.642857	0	11
felsen 11 12 8	2	0.642857	0	13
felsen 11 12 8	3	0.642857	0	13
felsen 11 12 9	1	0.694286	1	9
felsen 11 12 9	2	0.694286	0	14
felsen 11 12 9	3	0.694286	0	14
felsen 11 12 10	1	0.678571	0	10
felsen 11 12 10	2	0.678571	0	13
felsen 11 12 10	3	0.678571	0	14
felsen 11 13 1	1	0.661429	1	10
felsen 11 13 1	2	0.661429	0	13
felsen 11 13 1	3	0.661429	0	14
felsen 11 13 2	1	0.694286	1	9
felsen 11 13 2	2	0.694286	0	14
felsen 11 13 2	3	0.694286	0	14
felsen 11 13 3	1	0.678571	0	10
felsen 11 13 3	2	0.678571	0	11
felsen 11 13 3	3	0.678571	0	14
felsen 11 13 4	1	0.737143	2	7
felsen 11 13 4	2	0.737143	1	14
felsen 11 13 4	3	0.737143	0	14
felsen 11 13 5	1	0.694286	1	9
felsen 11 13 5	2	0.694286	0	14
felsen 11 13 5	3	0.694286	0	14
felsen 11 13 6	1	0.642857	0	11
felsen 11 13 6	2	0.642857	0	13
felsen 11 13 6	3	0.642857	0	14
felsen 11 13 7	1	0.694286	1	9
felsen 11 13 7	2	0.694286	0	14
felsen 11 13 7	3	0.694286	0	14
felsen 11 13 8	1	0.642857	0	11
felsen 11 13 8	2	0.642857	0	13
felsen 11 13 8	3	0.642857	0	13
felsen 11 13 9	1	0.694286	1	9
felsen 11 13 9	2	0.694286	0	14
felsen 11 13 9	3	0.694286	0	14
felsen 11 13 10	1	0.678571	0	10
felsen 11 13 10	2	0.678571	0	13
felsen 11 13 10	3	0.678571	0	14
felsen 12 7 1	1	0.68	5	8
felsen 12 7 1	2	0.68	1	10
felsen 12 7 1	3	0.68	0	12
felsen 12 7 2	1	0.68	2	9
felsen 12 7 2	2	0.68	1	11
felsen 12 7 2	3	0.68	0	11
felsen 12 7 3	1	0.698571	3	8
felsen 12 7 3	2	0.698571	0	13
felsen 12 7 3	3	0.698571	0	14
felsen 12 7 4	1	0.725714	7	5
felsen 12 7 4	2	0.725714	2	11
felsen 12 7 4	3	0.725714	1	14
felsen 12 7 5	1	0.732857	4	6
felsen 12 7 5	2	0.732857	2	11
felsen 12 7 5	3	0.732857	2	13
felsen 12 7 6	1	0.682857	2	9
felsen 12 7 6	2	0.682857	0	12
felsen 12 7 6	3	0.682857	0	14
felsen 12 7 7	1	0.671429	5	8
felsen 12 7 7	2	0.671429	0	12
felsen 12 7 7	3	0.671429	0	14
felsen 12 7 8	1	0.621429	7	8
felsen 12 7 8	2	0.621429	4	11
felsen 12 7 8	3	0.621429	0	13
felsen 12 7 9	1	0.615714	3	10
felsen 12 7 9	2	0.615714	1	14
felsen 12 7 9	3	0.615714	0	14
felsen 12 7 10	1	0.625714	1	11
felsen 12 7 10	2	0.625714	0	13
felsen 12 7 10	3	0.625714	0	14
felsen 12 8 1	1	0.67	3	9
felsen 12 8 1	2	0.67	1	10
felsen 12 8 1	3	0.67	0	13
felsen 12 8 2	1	0.68	2	9
felsen 12 8 2	2	0.68	1	11
felsen 12 8 2	3	0.68	0	11
felsen 12 8 3	1	0.662857	3	9
felsen 12 8 3	2	0.662857	0	13
felsen 12 8 3	3	0.662857	0	14
felsen 12 8 4	1	0.725714	7	5
felsen 12 8 4	2	0.725714	2	11
felsen 12 8 4	3	0.725714	1	14
felsen 12 8 5	1	0.761429	3	6
felsen 12 8 5	2	0.761429	1	12
felsen 12 8 5	3	0.761429	0	14
felsen 12 8 6	1	0.647143	2	10
felsen 12 8 6	2	0.647143	0	12
felsen 12 8 6	3	0.647143	0	14
felsen 12 8 7	1	0.667143	3	9
felsen 12 8 7	2	0.667143	0	12
felsen 12 8 7	3	0.667143	0	14
felsen 12 8 8	1	0.587143	5	10
felsen 12 8 8	2	0.587143	3	12
felsen 12 8 8	3	0.587143	0	13
felsen 12 8 9	1	0.652857	1	10
felsen 12 8 9	2	0.652857	1	14
felsen 12 8 9	3	0.652857	0	14
felsen 12 8 10	1	0.625714	1	11
felsen 12 8 10	2	0.625714	0	13
felsen 12 8 10	3	0.625714	0	14
felsen 12 9 1	1	0.645714	2	10
felsen 12 9 1	2	0.645714	0	10
felsen 12 9 1	3	0.645714	0	13
felsen 12 9 2	1	0.642857	2	10
felsen 12 9 2	2	0.642857	1	11
felsen 12 9 2	3	0.642857	0	14
felsen 12 9 3	1	0.661429	1	10
felsen 12 9 3	2	0.661429	0	13
felsen 12 9 3	3	0.661429	0	14
felsen 12 9 4	1	0.745714	6	5
felsen 12 9 4	2	0.745714	1	12
felsen 12 9 4	3	0.745714	1	14
felsen 12 9 5	1	0.708571	2	8
felsen 12 9 5	2	0.708571	1	12
felsen 12 9 5	3	0.708571	0	14
felsen 12 9 6	1	0.611429	2	11
felsen 12 9 6	2	0.611429	0	12
felsen 12 9 6	3	0.611429	0	14
felsen 12 9 7	1	0.662857	3	9
felsen 12 9 7	2	0.662857	0	13
felsen 12 9 7	3	0.662857	0	14
felsen 12 9 8	1	0.627143	3	10
felsen 12 9 8	2	0.627143	0	13
felsen 12 9 8	3	0.627143	0	13
felsen 12 9 9	1	0.658571	1	10
felsen 12 9 9	2	0.658571	0	14
felsen 12 9 9	3	0.658571	0	14
felsen 12 9 10	1	0.642857	0	11
felsen 12 9 10	2	0.642857	0	13
felsen 12 9 10	3	0.642857	0	14
felsen 12 10 1	1	0.678571	0	10
felsen 12 10 1	2	0.678571	0	11
felsen 12 10 1	3	0.678571	0	13
felsen 12 10 2	1	0.664286	1	10
felsen 12 10 2	2	0.664286	0	11
felsen 12 10 2	3	0.664286	0	14
felsen 12 10 3	1	0.661429	1	10
felsen 12 10 3	2	0.661429	0	13
felsen 12 10 3	3	0.661429	0	14
felsen 12 10 4	1	0.718571	3	7
felsen 12 10 4	2	0.718571	1	14
felsen 12 10 4	3	0.718571	0	14
felsen 12 10 5	1	0.662857	1	10
felsen 12 10 5	2	0.662857	0	12
felsen 12 10 5	3	0.662857	0	14
felsen 12 10 6	1	0.627143	1	11
felsen 12 10 6	2	0.627143	0	12
felsen 12 10 6	3	0.627143	0	14
felsen 12 10 7	1	0.694286	1	9
felsen 12 10 7	2	0.694286	0	14
felsen 12 10 7	3	0.694286	0	14
felsen 12 10 8	1	0.608571	2	11
felsen 12 10 8	2	0.608571	0	13
felsen 12 10 8	3	0.608571	0	13
felsen 12 10 9	1	0.678571	0	10
felsen 12 10 9	2	0.678571	0	14
felsen 12 10 9	3	0.678571	0	14
felsen 12 10 10	1	0.642857	0	11
felsen 12 10 10	2	0.642857	0	13
felsen 12 10 10	3	0.642857	0	14
felsen 12 11 1	1	0.678571	0	10
felsen 12 11 1	2	0.678571	0	11
felsen 12 11 1	3	0.678571	0	13
felsen 12 11 2	1	0.664286	1	10
felsen 12 11 2	2	0.664286	0	11
felsen 12 11 2	3	0.664286	0	14
felsen 12 11 3	1	0.661429	1	10
felsen 12 11 3	2	0.661429	0	13
felsen 12 11 3	3	0.661429	0	14
felsen 12 11 4	1	0.718571	3	7
felsen 12 11 4	2	0.718571	1	14
felsen 12 11 4	3	0.718571	0	14
felsen 12 11 5	1	0.662857	1	10
felsen 12 11 5	2	0.662857	0	12
felsen 12 11 5	3	0.662857	0	14
felsen 12 11 6	1	0.642857	0	11
felsen 12 11 6	2	0.642857	0	13
felsen 12 11 6	3	0.642857	0	14
felsen 12 11 7	1	0.694286	1	9
felsen 12 11 7	2	0.694286	0	14
felsen 12 11 7	3	0.694286	0	14
felsen 12 11 8	1	0.625714	1	11
felsen 12 11 8	2	0.625714	0	13
felsen 12 11 8	3	0.625714	0	13
felsen 12 11 9	1	0.678571	0	10
felsen 12 11 9	2	0.678571	0	14
felsen 12 11 9	3	0.678571	0	14
felsen 12 11 10	1	0.642857	0	11
felsen 12 11 10	2	0.642857	0	13
felsen 12 11 10	3	0.642857	0	14
felsen 12 12 1	1	0.678571	0	10
felsen 12 12 1	2	0.678571	0	11
felsen 12 12 1	3	0.678571	0	13
felsen 12 12 2	1	0.664286	1	10
felsen 12 12 2	2	0.664286	0	11
felsen 12 12 2	3	0.664286	0	14
felsen 12 12 3	1	0.661429	1	10
felsen 12 12 3	2	0.661429	0	13
felsen 12 12 3	3	0.661429	0	14
felsen 12 12 4	1	0.737143	2	7
felsen 12 12 4	2	0.737143	1	14
felsen 12 12 4	3	0.737143	0	14
felsen 12 12 5	1	0.661429	1	10
felsen 12 12 5	2	0.661429	0	13
felsen 12 12 5	3	0.661429	0	14
felsen 12 12 6	1	0.642857	0	11
felsen 12 12 6	2	0.642857	0	13
felsen 12 12 6	3	0.642857	0	14
felsen 12 12 7	1	0.694286	1	9
felsen 12 12 7	2	0.694286	0	14
felsen 12 12 7	3	0.694286	0	14
felsen 12 12 8	1	0.625714	1	11
felsen 12 12 8	2	0.625714	0	13
felsen 12 12 8	3	0.625714	0	13
felsen 12 12 9	1	0.678571	0	10
felsen 12 12 9	2	0.678571	0	14
felsen 12 12 9	3	0.678571	0	14
felsen 12 12 10	1	0.642857	0	11
felsen 12 12 10	2	0.642857	0	13
felsen 12 12 10	3	0.642857	0	14
felsen 12 13 1	1	0.678571	0	10
felsen 12 13 1	2	0.678571	0	12
felsen 12 13 1	3	0.678571	0	13
felsen 12 13 2	1	0.664286	1	10
felsen 12 13 2	2	0.664286	0	11
felsen 12 13 2	3	0.664286	0	14
felsen 12 13 3	1	0.678571	0	10
felsen 12 13 3	2	0.678571	0	13
felsen 12 13 3	3	0.678571	0	14
felsen 12 13 4	1	0.702857	2	8
felsen 12 13 4	2	0.702857	1	14
felsen 12 13 4	3	0.702857	0	14
felsen 12 13 5	1	0.661429	1	10
felsen 12 13 5	2	0.661429	0	13
felsen 12 13 5	3	0.661429	0	14
felsen 12 13 6	1	0.642857	0	11
felsen 12 13 6	2	0.642857	0	13
felsen 12 13 6	3	0.642857	0	14
felsen 12 13 7	1	0.694286	1	9
felsen 12 13 7	2	0.694286	0	14
felsen 12 13 7	3	0.694286	0	14
felsen 12 13 8	1	0.642857	0	11
felsen 12 13 8	2	0.642857	0	13
felsen 12 13 8	3	0.642857	0	13
felsen 12 13 9	1	0.678571	0	10
felsen 12 13 9	2	0.678571	0	14
felsen 12 13 9	3	0.678571	0	14
felsen 12 13 10	1	0.642857	0	11
felsen 12 13 10	2	0.642857	0	14
felsen 12 13 10	3	0.642857	0	14
felsen 13 7 1	1	0.68	2	9
felsen 13 7 1	2	0.68	0	13
felsen 13 7 1	3	0.68	0	14
felsen 13 7 2	1	0.635714	3	10
felsen 13 7 2	2	0.635714	0	11
felsen 13 7 2	3	0.635714	0	13
felsen 13 7 3	1	0.658571	3	9
felsen 13 7 3	2	0.658571	1	12
felsen 13 7 3	3	0.658571	0	14
felsen 13 7 4	1	0.68	2	9
felsen 13 7 4	2	0.68	0	13
felsen 13 7 4	3	0.68	0	14
felsen 13 7 5	1	0.732857	1	8
felsen 13 7 5	2	0.732857	0	13
felsen 13 7 5	3	0.732857	0	14
felsen 13 7 6	1	0.608571	2	11
felsen 13 7 6	2	0.608571	0	13
felsen 13 7 6	3	0.608571	0	13
felsen 13 7 7	1	0.652857	7	7
felsen 13 7 7	2	0.652857	1	13
felsen 13 7 7	3	0.652857	1	14
felsen 13 7 8	1	0.682857	2	9
felsen 13 7 8	2	0.682857	0	12
felsen 13 7 8	3	0.682857	0	12
felsen 13 7 9	1	0.602857	2	11
felsen 13 7 9	2	0.602857	0	14
felsen 13 7 9	3	0.602857	0	14
felsen 13 7 10	1	0.622857	1	11
felsen 13 7 10	2	0.622857	0	14
felsen 13 7 10	3	0.622857	0	14
felsen 13 8 1	1	0.68	2	9
felsen 13 8 1	2	0.68	0	13
felsen 13 8 1	3	0.68	0	14
felsen 13 8 2	1	0.635714	3	10
felsen 13 8 2	2	0.635714	0	11
felsen 13 8 2	3	0.635714	0	13
felsen 13 8 3	1	0.68	2	9
felsen 13 8 3	2	0.68	0	13
felsen 13 8 3	3	0.68	0	14
felsen 13 8 4	1	0.68	2	9
felsen 13 8 4	2	0.68	0	13
felsen 13 8 4	3	0.68	0	14
felsen 13 8 5	1	0.732857	1	8
felsen 13 8 5	2	0.732857	0	13
felsen 13 8 5	3	0.732857	0	14
felsen 13 8 6	1	0.608571	2	11
felsen 13 8 6	2	0.608571	0	13
felsen 13 8 6	3	0.608571	0	13
felsen 13 8 7	1	0.705714	4	7
felsen 13 8 7	2	0.705714	1	13
felsen 13 8 7	3	0.705714	0	14
felsen 13 8 8	1	0.714286	0	9
felsen 13 8 8	2	0.714286	0	12
felsen 13 8 8	3	0.714286	0	12
felsen 13 8 9	1	0.602857	2	11
felsen 13 8 9	2	0.602857	0	14
felsen 13 8 9	3	0.602857	0	14
felsen 13 8 10	1	0.622857	1	11
felsen 13 8 10	2	0.622857	0	14
felsen 13 8 10	3	0.622857	0	14
felsen 13 9 1	1	0.68	2	9
felsen 13 9 1	2	0.68	0	13
felsen 13 9 1	3	0.68	0	14
felsen 13 9 2	1	0.592857	3	11
felsen 13 9 2	2	0.592857	0	11
felsen 13 9 2	3	0.592857	0	13
felsen 13 9 3	1	0.697143	1	9
felsen 13 9 3	2	0.697143	0	13
felsen 13 9 3	3	0.697143	0	14
felsen 13 9 4	1	0.625714	1	11
felsen 13 9 4	2	0.625714	0	13
felsen 13 9 4	3	0.625714	0	14
felsen 13 9 5	1	0.732857	1	8
felsen 13 9 5	2	0.732857	0	13
felsen 13 9 5	3	0.732857	0	14
felsen 13 9 6	1	0.625714	1	11
felsen 13 9 6	2	0.625714	0	13
felsen 13 9 6	3	0.625714	0	13
felsen 13 9 7	1	0.662857	3	9
felsen 13 9 7	2	0.662857	0	13
felsen 13 9 7	3	0.662857	0	14
felsen 13 9 8	1	0.678571	0	10
felsen 13 9 8	2	0.678571	0	12
felsen 13 9 8	3	0.678571	0	14
felsen 13 9 9	1	0.602857	2	11
felsen 13 9 9	2	0.602857	0	14
felsen 13 9 9	3	0.602857	0	14
felsen 13 9 10	1	0.642857	0	11
felsen 13 9 10	2	0.642857	0	14
felsen 13 9 10	3	0.642857	0	14
felsen 13 10 1	1	0.661429	1	10
felsen 13 10 1	2	0.661429	0	13
felsen 13 10 1	3	0.661429	0	14
felsen 13 10 2	1	0.611429	2	11
felsen 13 10 2	2	0.611429	0	12
felsen 13 10 2	3	0.611429	0	13
felsen 13 10 3	1	0.661429	1	10
felsen 13 10 3	2	0.661429	0	13
felsen 13 10 3	3	0.661429	0	14
felsen 13 10 4	1	0.642857	0	11
felsen 13 10 4	2	0.642857	0	13
felsen 13 10 4	3	0.642857	0	14
felsen 13 10 5	1	0.714286	0	9
felsen 13 10 5	2	0.714286	0	13
felsen 13 10 5	3	0.714286	0	14
felsen 13 10 6	1	0.607143	0	12
felsen 13 10 6	2	0.607143	0	13
felsen 13 10 6	3	0.607143	0	13
felsen 13 10 7	1	0.625714	1	11
felsen 13 10 7	2	0.625714	0	13
felsen 13 10 7	3	0.625714	0	14
felsen 13 10 8	1	0.678571	0	10
felsen 13 10 8	2	0.678571	0	13
felsen 13 10 8	3	0.678571	0	14
felsen 13 10 9	1	0.602857	2	11
felsen 13 10 9	2	0.602857	0	14
felsen 13 10 9	3	0.602857	0	14
felsen 13 10 10	1	0.642857	0	11
felsen 13 10 10	2	0.642857	0	14
felsen 13 10 10	3	0.642857	0	14
felsen 13 11 1	1	0.678571	0	10
felsen 13 11 1	2	0.678571	0	13
felsen 13 11 1	3	0.678571	0	14
felsen 13 11 2	1	0.611429	2	11
felsen 13 11 2	2	0.611429	0	12
felsen 13 11 2	3	0.611429	0	14
felsen 13 11 3	1	0.678571	0	10
felsen 13 11 3	2	0.678571	0	13
felsen 13 11 3	3	0.678571	0	14
felsen 13 11 4	1	0.642857	0	11
felsen 13 11 4	2	0.642857	0	13
felsen 13 11 4	3	0.642857	0	14
felsen 13 11 5	1	0.714286	0	9
felsen 13 11 5	2	0.714286	0	13
felsen 13 11 5	3	0.714286	0	14
felsen 13 11 6	1	0.607143	0	12
felsen 13 11 6	2	0.607143	0	13
felsen 13 11 6	3	0.607143	0	13
felsen 13 11 7	1	0.625714	1	11
felsen 13 11 7	2	0.625714	0	13
felsen 13 11 7	3	0.625714	0	14
felsen 13 11 8	1	0.642857	0	11
felsen 13 11 8	2	0.642857	0	13
felsen 13 11 8	3	0.642857	0	14
felsen 13 11 9	1	0.602857	2	11
felsen 13 11 9	2	0.602857	0	14
felsen 13 11 9	3	0.602857	0	14
felsen 13 11 10	1	0.642857	0	11
felsen 13 11 10	2	0.642857	0	14
felsen 13 11 10	3	0.642857	0	14
felsen 13 12 1	1	0.678571	0	10
felsen 13 12 1	2	0.678571	0	13
felsen 13 12 1	3	0.678571	0	14
felsen 13 12 2	1	0.607143	0	12
felsen 13 12 2	2	0.607143	0	12
felsen 13 12 2	3	0.607143	0	14
felsen 13 12 3	1	0.678571	0	10
felsen 13 12 3	2	0.678571	0	13
felsen 13 12 3	3	0.678571	0	14
felsen 13 12 4	1	0.642857	0	11
felsen 13 12 4	2	0.642857	0	13
felsen 13 12 4	3	0.642857	0	14
felsen 13 12 5	1	0.678571	0	10
felsen 13 12 5	2	0.678571	0	13
felsen 13 12 5	3	0.678571	0	14
felsen 13 12 6	1	0.607143	0	12
felsen 13 12 6	2	0.607143	0	13
felsen 13 12 6	3	0.607143	0	13
felsen 13 12 7	1	0.625714	1	11
felsen 13 12 7	2	0.625714	0	13
felsen 13 12 7	3	0.625714	0	14
felsen 13 12 8	1	0.642857	0	11
felsen 13 12 8	2	0.642857	0	13
felsen 13 12 8	3	0.642857	0	14
felsen 13 12 9	1	0.602857	2	11
felsen 13 12 9	2	0.602857	0	14
felsen 13 12 9	3	0.602857	0	14
felsen 13 12 10	1	0.642857	0	11
felsen 13 12 10	2	0.642857	0	14
felsen 13 12 10	3	0.642857	0	14
felsen 13 13 1	1	0.678571	0	10
felsen 13 13 1	2	0.678571	0	14
felsen 13 13 1	3	0.678571	0	14
felsen 13 13 2	1	0.607143	0	12
felsen 13 13 2	2	0.607143	0	12
felsen 13 13 2	3	0.607143	0	14
felsen 13 13 3	1	0.678571	0	10
felsen 13 13 3	2	0.678571	0	13
felsen 13 13 3	3	0.678571	0	14
felsen 13 13 4	1	0.642857	0	11
felsen 13 13 4	2	0.642857	0	13
felsen 13 13 4	3	0.642857	0	14
felsen 13 13 5	1	0.678571	0	10
felsen 13 13 5	2	0.678571	0	13
felsen 13 13 5	3	0.678571	0	14
felsen 13 13 6	1	0.607143	0	12
felsen 13 13 6	2	0.607143	0	13
felsen 13 13 6	3	0.607143	0	13
felsen 13 13 7	1	0.625714	1	11
felsen 13 13 7	2	0.625714	0	13
felsen 13 13 7	3	0.625714	0	14
felsen 13 13 8	1	0.642857	0	11
felsen 13 13 8	2	0.642857	0	13
felsen 13 13 8	3	0.642857	0	14
felsen 13 13 9	1	0.622857	1	11
felsen 13 13 9	2	0.622857	0	14
felsen 13 13 9	3	0.622857	0	14
felsen 13 13 10	1	0.642857	0	11
felsen 13 13 10	2	0.642857	0	14
felsen 13 13 10	3	0.642857	0	14
halpern 7 7 1	1	0.768571	16	0
halpern 7 7 1	2	0.768571	9	5
halpern 7 7 1	3	0.768571	3	8
halpern 7 7 2	1	0.811429	12	2
halpern 7 7 2	2	0.811429	7	5
halpern 7 7 2	3	0.811429	2	5
halpern 7 7 3	1	0.655714	17	4
halpern 7 7 3	2	0.655714	11	6
halpern 7 7 3	3	0.655714	7	6
halpern 7 7 4	1	0.747143	6	6
halpern 7 7 4	2	0.747143	2	8
halpern 7 7 4	3	0.747143	0	11
halpern 7 7 5	1	0.807143	9	4
halpern 7 7 5	2	0.807143	1	7
halpern 7 7 5	3	0.807143	0	10
halpern 7 7 6	1	0.738571	18	2
halpern 7 7 6	2	0.738571	10	5
halpern 7 7 6	3	0.738571	4	7
halpern 7 7 7	1	0.744286	20	1
halpern 7 7 7	2	0.744286	9	5
halpern 7 7 7	3	0.744286	4	9
halpern 7 7 8	1	0.627143	16	5
halpern 7 7 8	2	0.627143	8	8
halpern 7 7 8	3	0.627143	3	9
halpern 7 7 9	1	0.732857	13	4
halpern 7 7 9	2	0.732857	3	8
halpern 7 7 9	3	0.732857	0	11
halpern 7 7 10	1	0.817143	10	3
halpern 7 7 10	2	0.817143	3	7
halpern 7 7 10	3	0.817143	0	9
halpern 7 8 1	1	0.822857	12	0
halpern 7 8 1	2	0.822857	5	6
halpern 7 8 1	3	0.822857	2	8
halpern 7 8 2	1	0.847143	9	2
halpern 7 8 2	2	0.847143	4	7
halpern 7 8 2	3	0.847143	0	9
halpern 7 8 3	1	0.712857	11	5
halpern 7 8 3	2	0.712857	7	7
halpern 7 8 3	3	0.712857	2	8
halpern 7 8 4	1	0.791429	2	6
halpern 7 8 4	2	0.791429	1	9
halpern 7 8 4	3	0.791429	0	11
halpern 7 8 5	1	0.817143	4	5
halpern 7 8 5	2	0.817143	0	8
halpern 7 8 5	3	0.817143	0	10
halpern 7 8 6	1	0.76	16	3
halpern 7 8 6	2	0.76	7	6
halpern 7 8 6	3	0.76	1	8
halpern 7 8 7	1	0.812857	15	2
halpern 7 8 7	2	0.812857	2	7
halpern 7 8 7	3	0.812857	0	10
halpern 7 8 8	1	0.607143	13	7
halpern 7 8 8	2	0.607143	5	9
halpern 7 8 8	3	0.607143	3	10
halpern 7 8 9	1	0.73	8	6
halpern 7 8 9	2	0.73	0	9
halpern 7 8 9	3	0.73	0	11
halpern 7 8 10	1	0.86	6	3
halpern 7 8 10	2	0.86	2	7
halpern 7 8 10	3	0.86	0	9
halpern 7 9 1	1	0.837143	10	1
halpern 7 9 1	2	0.837143	4	8
halpern 7 9 1	3	0.837143	2	10
halpern 7 9 2	1	0.807143	6	4
halpern 7 9 2	2	0.807143	3	8
halpern 7 9 2	3	0.807143	0	10
halpern 7 9 3	1	0.722857	7	6
halpern 7 9 3	2	0.722857	4	8
halpern 7 9 3	3	0.722857	2	9
halpern 7 9 4	1	0.627143	1	11
halpern 7 9 4	2	0.627143	1	11
halpern 7 9 4	3	0.627143	0	12
halpern 7 9 5	1	0.747143	3	7
halpern 7 9 5	2	0.747143	0	10
halpern 7 9 5	3	0.747143	0	12
halpern 7 9 6	1	0.725714	7	6
halpern 7 9 6	2	0.725714	3	8
halpern 7 9 6	3	0.725714	0	12
halpern 7 9 7	1	0.72	12	5
halpern 7 9 7	2	0.72	0	9
halpern 7 9 7	3	0.72	0	13
halpern 7 9 8	1	0.647143	6	8
halpern 7 9 8	2	0.647143	2	11
halpern 7 9 8	3	0.647143	1	12
halpern 7 9 9	1	0.715714	3	8
halpern 7 9 9	2	0.715714	0	9
halpern 7 9 9	3	0.715714	0	12
halpern 7 9 10	1	0.771429	4	6
halpern 7 9 10	2	0.771429	1	8
halpern 7 9 10	3	0.771429	0	13
halpern 7 10 1	1	0.777143	9	3
halpern 7 10 1	2	0.777143	4	8
halpern 7 10 1	3	0.777143	1	12
halpern 7 10 2	1	0.742857	5	6
halpern 7 10 2	2	0.742857	2	10
halpern 7 10 2	3	0.742857	0	11
halpern 7 10 3	1	0.708571	6	7
halpern 7 10 3	2	0.708571	0	10
halpern 7 10 3	3	0.708571	0	13
halpern 7 10 4	1	0.642857	0	11
halpern 7 10 4	2	0.642857	0	12
halpern 7 10 4	3	0.642857	0	13
halpern 7 10 5	1	0.7	1	9
halpern 7 10 5	2	0.7	0	11
halpern 7 10 5	3	0.7	0	12
halpern 7 10 6	1	0.707143	5	7
halpern 7 10 6	2	0.707143	0	12
halpern 7 10 6	3	0.707143	0	13
halpern 7 10 7	1	0.655714	6	8
halpern 7 10 7	2	0.655714	0	12
halpern 7 10 7	3	0.655714	0	14
halpern 7 10 8	1	0.62	3	10
halpern 7 10 8	2	0.62	1	13
halpern 7 10 8	3	0.62	0	14
halpern 7 10 9	1	0.664286	1	10
halpern 7 10 9	2	0.664286	0	11
halpern 7 10 9	3	0.664286	0	13
halpern 7 10 10	1	0.731429	3	7
halpern 7 10 10	2	0.731429	1	11
halpern 7 10 10	3	0.731429	0	14
halpern 7 11 1	1	0.78	4	5
halpern 7 11 1	2	0.78	1	12
halpern 7 11 1	3	0.78	0	14
halpern 7 11 2	1	0.785714	0	7
halpern 7 11 2	2	0.785714	0	12
halpern 7 11 2	3	0.785714	0	13
halpern 7 11 3	1	0.631429	3	10
halpern 7 11 3	2	0.631429	0	12
halpern 7 11 3	3	0.631429	0	13
halpern 7 11 4	1	0.607143	0	12
halpern 7 11 4	2	0.607143	0	13
halpern 7 11 4	3	0.607143	0	14
halpern 7 11 5	1	0.714286	0	9
halpern 7 11 5	2	0.714286	0	12
halpern 7 11 5	3	0.714286	0	14
halpern 7 11 6	1	0.651429	4	9
halpern 7 11 6	2	0.651429	0	12
halpern 7 11 6	3	0.651429	0	14
halpern 7 11 7	1	0.602857	2	11
halpern 7 11 7	2	0.602857	0	14
halpern 7 11 7	3	0.602857	0	14
halpern 7 11 8	1	0.618571	1	11
halpern 7 11 8	2	0.618571	1	14
halpern 7 11 8	3	0.618571	0	14
halpern 7 11 9	1	0.627143	1	11
halpern 7 11 9	2	0.627143	0	12
halpern 7 11 9	3	0.627143	0	14
halpern 7 11 10	1	0.68	2	9
halpern 7 11 10	2	0.68	0	13
halpern 7 11 10	3	0.68	0	14
halpern 7 12 1	1	0.694286	1	9
halpern 7 12 1	2	0.694286	0	14
halpern 7 12 1	3	0.694286	0	14
halpern 7 12 2	1	0.678571	0	10
halpern 7 12 2	2	0.678571	0	14
halpern 7 12 2	3	0.678571	0	14
halpern 7 12 3	1	0.531429	2	13
halpern 7 12 3	2	0.531429	0	14
halpern 7 12 3	3	0.531429	0	14
halpern 7 12 4	1	0.607143	0	12
halpern 7 12 4	2	0.607143	0	14
halpern 7 12 4	3	0.607143	0	14
halpern 7 12 5	1	0.714286	0	9
halpern 7 12 5	2	0.714286	0	13
halpern 7 12 5	3	0.714286	0	14
halpern 7 12 6	1	0.582857	3	11
halpern 7 12 6	2	0.582857	0	14
halpern 7 12 6	3	0.582857	0	14
halpern 7 12 7	1	0.567143	2	12
halpern 7 12 7	2	0.567143	0	14
halpern 7 12 7	3	0.567143	0	14
halpern 7 12 8	1	0.5	0	14
halpern 7 12 8	2	0.5	0	14
halpern 7 12 8	3	0.5	0	14
halpern 7 12 9	1	0.642857	0	11
halpern 7 12 9	2	0.642857	0	13
halpern 7 12 9	3	0.642857	0	14
halpern 7 12 10	1	0.607143	0	12
halpern 7 12 10	2	0.607143	0	14
halpern 7 12 10	3	0.607143	0	14
halpern 7 13 1	1	0.607143	0	12
halpern 7 13 1	2	0.607143	0	14
halpern 7 13 1	3	0.607143	0	14
halpern 7 13 2	1	0.642857	0	11
halpern 7 13 2	2	0.642857	0	14
halpern 7 13 2	3	0.642857	0	14
halpern 7 13 3	1	0.551429	1	13
halpern 7 13 3	2	0.551429	0	14
halpern 7 13 3	3	0.551429	0	14
halpern 7 13 4	1	0.571429	0	13
halpern 7 13 4	2	0.571429	0	14
halpern 7 13 4	3	0.571429	0	14
halpern 7 13 5	1	0.571429	0	13
halpern 7 13 5	2	0.571429	0	14
halpern 7 13 5	3	0.571429	0	14
halpern 7 13 6	1	0.571429	0	13
halpern 7 13 6	2	0.571429	0	14
halpern 7 13 6	3	0.571429	0	14
halpern 7 13 7	1	0.531429	2	13
halpern 7 13 7	2	0.531429	0	14
halpern 7 13 7	3	0.531429	0	14
halpern 7 13 8	1	0.5	0	14
halpern 7 13 8	2	0.5	0	14
halpern 7 13 8	3	0.5	0	14
halpern 7 13 9	1	0.571429	0	13
halpern 7 13 9	2	0.571429	0	14
halpern 7 13 9	3	0.571429	0	14
halpern 7 13 10	1	0.571429	0	13
halpern 7 13 10	2	0.571429	0	14
halpern 7 13 10	3	0.571429	0	14
halpern 8 7 1	1	0.744286	16	0
halpern 8 7 1	2	0.744286	7	7
halpern 8 7 1	3	0.744286	2	9
halpern 8 7 2	1	0.745714	9	5
halpern 8 7 2	2	0.745714	3	8
halpern 8 7 2	3	0.745714	0	10
halpern 8 7 3	1	0.774286	10	3
halpern 8 7 3	2	0.774286	5	8
halpern 8 7 3	3	0.774286	1	9
halpern 8 7 4	1	0.775714	9	5
halpern 8 7 4	2	0.775714	3	6
halpern 8 7 4	3	0.775714	0	9
halpern 8 7 5	1	0.821429	11	3
halpern 8 7 5	2	0.821429	2	6
halpern 8 7 5	3	0.821429	1	10
halpern 8 7 6	1	0.677143	12	5
halpern 8 7 6	2	0.677143	5	9
halpern 8 7 6	3	0.677143	0	11
halpern 8 7 7	1	0.757143	2	7
halpern 8 7 7	2	0.757143	0	11
halpern 8 7 7	3	0.757143	0	11
halpern 8 7 8	1	0.834286	6	3
halpern 8 7 8	2	0.834286	3	8
halpern 8 7 8	3	0.834286	0	11
halpern 8 7 9	1	0.604286	10	8
halpern 8 7 9	2	0.604286	3	10
halpern 8 7 9	3	0.604286	1	11
halpern 8 7 10	1	0.647143	14	5
halpern 8 7 10	2	0.647143	4	9
halpern 8 7 10	3	0.647143	2	11
halpern 8 8 1	1	0.781429	13	0
halpern 8 8 1	2	0.781429	6	7
halpern 8 8 1	3	0.781429	2	9
halpern 8 8 2	1	0.8	5	5
halpern 8 8 2	2	0.8	0	9
halpern 8 8 2	3	0.8	0	10
halpern 8 8 3	1	0.815714	9	3
halpern 8 8 3	2	0.815714	2	8
halpern 8 8 3	3	0.815714	1	9
halpern 8 8 4	1	0.794286	6	5
halpern 8 8 4	2	0.794286	2	7
halpern 8 8 4	3	0.794286	0	9
halpern 8 8 5	1	0.818571	9	3
halpern 8 8 5	2	0.818571	2	8
halpern 8 8 5	3	0.818571	0	10
halpern 8 8 6	1	0.745714	6	6
halpern 8 8 6	2	0.745714	1	9
halpern 8 8 6	3	0.745714	0	11
halpern 8 8 7	1	0.771429	1	7
halpern 8 8 7	2	0.771429	0	11
halpern 8 8 7	3	0.771429	0	11
halpern 8 8 8	1	0.882857	3	3
halpern 8 8 8	2	0.882857	1	9
halpern 8 8 8	3	0.882857	0	11
halpern 8 8 9	1	0.698571	3	8
halpern 8 8 9	2	0.698571	1	11
halpern 8 8 9	3	0.698571	0	11
halpern 8 8 10	1	0.677143	10	6
halpern 8 8 10	2	0.677143	3	9
halpern 8 8 10	3	0.677143	2	11
halpern 8 9 1	1	0.795714	10	2
halpern 8 9 1	2	0.795714	4	8
halpern 8 9 1	3	0.795714	2	11
halpern 8 9 2	1	0.828571	2	5
halpern 8 9 2	2	0.828571	0	11
halpern 8 9 2	3	0.828571	0	12
halpern 8 9 3	1	0.858571	5	3
halpern 8 9 3	2	0.858571	2	8
halpern 8 9 3	3	0.858571	0	10
halpern 8 9 4	1	0.794286	5	5
halpern 8 9 4	2	0.794286	2	7
halpern 8 9 4	3	0.794286	0	12
halpern 8 9 5	1	0.792857	7	4
halpern 8 9 5	2	0.792857	2	9
halpern 8 9 5	3	0.792857	0	11
halpern 8 9 6	1	0.765714	4	6
halpern 8 9 6	2	0.765714	1	9
halpern 8 9 6	3	0.765714	0	13
halpern 8 9 7	1	0.75	0	8
halpern 8 9 7	2	0.75	0	11
halpern 8 9 7	3	0.75	0	12
halpern 8 9 8	1	0.89	3	3
halpern 8 9 8	2	0.89	0	10
halpern 8 9 8	3	0.89	0	11
halpern 8 9 9	1	0.707143	3	8
halpern 8 9 9	2	0.707143	0	11
halpern 8 9 9	3	0.707143	0	13
halpern 8 9 10	1	0.661429	9	7
halpern 8 9 10	2	0.661429	1	10
halpern 8 9 10	3	0.661429	1	11
halpern 8 10 1	1	0.805714	9	3
halpern 8 10 1	2	0.805714	2	8
halpern 8 10 1	3	0.805714	1	11
halpern 8 10 2	1	0.785714	0	7
halpern 8 10 2	2	0.785714	0	11
halpern 8 10 2	3	0.785714	0	12
halpern 8 10 3	1	0.75	4	6
halpern 8 10 3	2	0.75	2	10
halpern 8 10 3	3	0.75	0	13
halpern 8 10 4	1	0.817143	4	5
halpern 8 10 4	2	0.817143	0	8
halpern 8 10 4	3	0.817143	0	12
halpern 8 10 5	1	0.724286	6	6
halpern 8 10 5	2	0.724286	1	11
halpern 8 10 5	3	0.724286	0	11
halpern 8 10 6	1	0.782857	3	6
halpern 8 10 6	2	0.782857	0	10
halpern 8 10 6	3	0.782857	0	14
halpern 8 10 7	1	0.75	0	8
halpern 8 10 7	2	0.75	0	12
halpern 8 10 7	3	0.75	0	14
halpern 8 10 8	1	0.878571	1	4
halpern 8 10 8	2	0.878571	0	11
halpern 8 10 8	3	0.878571	0	13
halpern 8 10 9	1	0.75	0	8
halpern 8 10 9	2	0.75	0	12
halpern 8 10 9	3	0.75	0	13
halpern 8 10 10	1	0.68	5	8
halpern 8 10 10	2	0.68	1	10
halpern 8 10 10	3	0.68	0	12
halpern 8 11 1	1	0.821429	5	3
halpern 8 11 1	2	0.821429	2	12
halpern 8 11 1	3	0.821429	0	13
halpern 8 11 2	1	0.678571	0	10
halpern 8 11 2	2	0.678571	0	13
halpern 8 11 2	3	0.678571	0	14
halpern 8 11 3	1	0.687143	3	8
halpern 8 11 3	2	0.687143	1	13
halpern 8 11 3	3	0.687143	0	13
halpern 8 11 4	1	0.831429	2	5
halpern 8 11 4	2	0.831429	0	10
halpern 8 11 4	3	0.831429	0	12
halpern 8 11 5	1	0.728571	4	7
halpern 8 11 5	2	0.728571	0	11
halpern 8 11 5	3	0.728571	0	11
halpern 8 11 6	1	0.785714	0	7
halpern 8 11 6	2	0.785714	0	14
halpern 8 11 6	3	0.785714	0	14
halpern 8 11 7	1	0.678571	0	10
halpern 8 11 7	2	0.678571	0	14
halpern 8 11 7	3	0.678571	0	14
halpern 8 11 8	1	0.785714	0	7
halpern 8 11 8	2	0.785714	0	12
halpern 8 11 8	3	0.785714	0	13
halpern 8 11 9	1	0.75	0	8
halpern 8 11 9	2	0.75	0	13
halpern 8 11 9	3	0.75	0	13
halpern 8 11 10	1	0.7	3	8
halpern 8 11 10	2	0.7	1	11
halpern 8 11 10	3	0.7	0	13
halpern 8 12 1	1	0.73	1	8
halpern 8 12 1	2	0.73	0	14
halpern 8 12 1	3	0.73	0	14
halpern 8 12 2	1	0.642857	0	11
halpern 8 12 2	2	0.642857	0	13
halpern 8 12 2	3	0.642857	0	14
halpern 8 12 3	1	0.662857	3	9
halpern 8 12 3	2	0.662857	0	13
halpern 8 12 3	3	0.662857	0	14
halpern 8 12 4	1	0.714286	0	9
halpern 8 12 4	2	0.714286	0	14
halpern 8 12 4	3	0.714286	0	14
halpern 8 12 5	1	0.714286	0	9
halpern 8 12 5	2	0.714286	0	11
halpern 8 12 5	3	0.714286	0	13
halpern 8 12 6	1	0.607143	0	12
halpern 8 12 6	2	0.607143	0	14
halpern 8 12 6	3	0.607143	0	14
halpern 8 12 7	1	0.642857	0	11
halpern 8 12 7	2	0.642857	0	14
halpern 8 12 7	3	0.642857	0	14
halpern 8 12 8	1	0.714286	0	9
halpern 8 12 8	2	0.714286	0	13
halpern 8 12 8	3	0.714286	0	13
halpern 8 12 9	1	0.642857	0	11
halpern 8 12 9	2	0.642857	0	14
halpern 8 12 9	3	0.642857	0	14
halpern 8 12 10	1	0.705714	2	8
halpern 8 12 10	2	0.705714	1	13
halpern 8 12 10	3	0.705714	0	14
halpern 8 13 1	1	0.622857	1	11
halpern 8 13 1	2	0.622857	0	14
halpern 8 13 1	3	0.622857	0	14
halpern 8 13 2	1	0.642857	0	11
halpern 8 13 2	2	0.642857	0	14
halpern 8 13 2	3	0.642857	0	14
halpern 8 13 3	1	0.551429	1	13
halpern 8 13 3	2	0.551429	0	14
halpern 8 13 3	3	0.551429	0	14
halpern 8 13 4	1	0.607143	0	12
halpern 8 13 4	2	0.607143	0	14
halpern 8 13 4	3	0.607143	0	14
halpern 8 13 5	1	0.5	0	14
halpern 8 13 5	2	0.5	0	14
halpern 8 13 5	3	0.5	0	14
halpern 8 13 6	1	0.571429	0	13
halpern 8 13 6	2	0.571429	0	14
halpern 8 13 6	3	0.571429	0	14
halpern 8 13 7	1	0.571429	0	13
halpern 8 13 7	2	0.571429	0	14
halpern 8 13 7	3	0.571429	0	14
halpern 8 13 8	1	0.607143	0	12
halpern 8 13 8	2	0.607143	0	14
halpern 8 13 8	3	0.607143	0	14
halpern 8 13 9	1	0.607143	0	12
halpern 8 13 9	2	0.607143	0	14
halpern 8 13 9	3	0.607143	0	14
halpern 8 13 10	1	0.587143	1	12
halpern 8 13 10	2	0.587143	0	14
halpern 8 13 10	3	0.587143	0	14
halpern 9 7 1	1	0.78	6	5
halpern 9 7 1	2	0.78	1	9
halpern 9 7 1	3	0.78	0	11
halpern 9 7 2	1	0.692857	8	6
halpern 9 7 2	2	0.692857	3	10
halpern 9 7 2	3	0.692857	2	10
halpern 9 7 3	1	0.764286	6	5
halpern 9 7 3	2	0.764286	1	10
halpern 9 7 3	3	0.764286	1	11
halpern 9 7 4	1	0.732857	9	5
halpern 9 7 4	2	0.732857	1	9
halpern 9 7 4	3	0.732857	1	11
halpern 9 7 5	1	0.651429	10	7
halpern 9 7 5	2	0.651429	2	9
halpern 9 7 5	3	0.651429	1	12
halpern 9 7 6	1	0.722857	11	4
halpern 9 7 6	2	0.722857	1	11
halpern 9 7 6	3	0.722857	0	13
halpern 9 7 7	1	0.704286	5	7
halpern 9 7 7	2	0.704286	1	11
halpern 9 7 7	3	0.704286	0	11
halpern 9 7 8	1	0.774286	3	6
halpern 9 7 8	2	0.774286	0	12
halpern 9 7 8	3	0.774286	0	14
halpern 9 7 9	1	0.695714	9	4
halpern 9 7 9	2	0.695714	6	11
halpern 9 7 9	3	0.695714	0	12
halpern 9 7 10	1	0.631429	3	10
halpern 9 7 10	2	0.631429	0	12
halpern 9 7 10	3	0.631429	0	13
halpern 9 8 1	1	0.814286	3	5
halpern 9 8 1	2	0.814286	1	9
halpern 9 8 1	3	0.814286	0	11
halpern 9 8 2	1	0.678571	7	7
halpern 9 8 2	2	0.678571	2	10
halpern 9 8 2	3	0.678571	1	11
halpern 9 8 3	1	0.821429	2	5
halpern 9 8 3	2	0.821429	1	10
halpern 9 8 3	3	0.821429	0	12
halpern 9 8 4	1	0.715714	5	7
halpern 9 8 4	2	0.715714	1	10
halpern 9 8 4	3	0.715714	0	11
halpern 9 8 5	1	0.681429	7	7
halpern 9 8 5	2	0.681429	2	10
halpern 9 8 5	3	0.681429	0	12
halpern 9 8 6	1	0.671429	8	7
halpern 9 8 6	2	0.671429	0	11
halpern 9 8 6	3	0.671429	0	13
halpern 9 8 7	1	0.591429	3	11
halpern 9 8 7	2	0.591429	1	12
halpern 9 8 7	3	0.591429	0	12
halpern 9 8 8	1	0.805714	1	6
halpern 9 8 8	2	0.805714	0	12
halpern 9 8 8	3	0.805714	0	14
halpern 9 8 9	1	0.684286	8	6
halpern 9 8 9	2	0.684286	1	12
halpern 9 8 9	3	0.684286	0	12
halpern 9 8 10	1	0.647143	2	10
halpern 9 8 10	2	0.647143	0	12
halpern 9 8 10	3	0.647143	0	13
halpern 9 9 1	1	0.822857	3	5
halpern 9 9 1	2	0.822857	0	9
halpern 9 9 1	3	0.822857	0	11
halpern 9 9 2	1	0.707143	3	8
halpern 9 9 2	2	0.707143	1	10
halpern 9 9 2	3	0.707143	0	11
halpern 9 9 3	1	0.795714	2	6
halpern 9 9 3	2	0.795714	0	10
halpern 9 9 3	3	0.795714	0	12
halpern 9 9 4	1	0.734286	4	7
halpern 9 9 4	2	0.734286	0	10
halpern 9 9 4	3	0.734286	0	11
halpern 9 9 5	1	0.688571	7	7
halpern 9 9 5	2	0.688571	1	10
halpern 9 9 5	3	0.688571	0	12
halpern 9 9 6	1	0.65	7	8
halpern 9 9 6	2	0.65	0	11
halpern 9 9 6	3	0.65	0	13
halpern 9 9 7	1	0.595714	3	11
halpern 9 9 7	2	0.595714	0	12
halpern 9 9 7	3	0.595714	0	12
halpern 9 9 8	1	0.805714	1	6
halpern 9 9 8	2	0.805714	0	12
halpern 9 9 8	3	0.805714	0	14
halpern 9 9 9	1	0.722857	4	7
halpern 9 9 9	2	0.722857	0	12
halpern 9 9 9	3	0.722857	0	12
halpern 9 9 10	1	0.647143	2	10
halpern 9 9 10	2	0.647143	0	12
halpern 9 9 10	3	0.647143	0	13
halpern 9 10 1	1	0.822857	3	5
halpern 9 10 1	2	0.822857	0	9
halpern 9 10 1	3	0.822857	0	12
halpern 9 10 2	1	0.737143	1	8
halpern 9 10 2	2	0.737143	0	10
halpern 9 10 2	3	0.737143	0	11
halpern 9 10 3	1	0.737143	1	8
halpern 9 10 3	2	0.737143	0	10
halpern 9 10 3	3	0.737143	0	12
halpern 9 10 4	1	0.682857	2	9
halpern 9 10 4	2	0.682857	0	12
halpern 9 10 4	3	0.682857	0	13
halpern 9 10 5	1	0.688571	7	7
halpern 9 10 5	2	0.688571	1	10
halpern 9 10 5	3	0.688571	0	12
halpern 9 10 6	1	0.671429	3	9
halpern 9 10 6	2	0.671429	0	11
halpern 9 10 6	3	0.671429	0	13
halpern 9 10 7	1	0.627143	1	11
halpern 9 10 7	2	0.627143	0	12
halpern 9 10 7	3	0.627143	0	12
halpern 9 10 8	1	0.805714	1	6
halpern 9 10 8	2	0.805714	0	12
halpern 9 10 8	3	0.805714	0	14
halpern 9 10 9	1	0.738571	3	7
halpern 9 10 9	2	0.738571	0	12
halpern 9 10 9	3	0.738571	0	13
halpern 9 10 10	1	0.647143	2	10
halpern 9 10 10	2	0.647143	0	12
halpern 9 10 10	3	0.647143	0	13
halpern 9 11 1	1	0.782857	3	6
halpern 9 11 1	2	0.782857	0	10
halpern 9 11 1	3	0.782857	0	13
halpern 9 11 2	1	0.662857	1	10
halpern 9 11 2	2	0.662857	0	10
halpern 9 11 2	3	0.662857	0	11
halpern 9 11 3	1	0.737143	1	8
halpern 9 11 3	2	0.737143	0	10
halpern 9 11 3	3	0.737143	0	12
halpern 9 11 4	1	0.642857	0	11
halpern 9 11 4	2	0.642857	0	13
halpern 9 11 4	3	0.642857	0	13
halpern 9 11 5	1	0.685714	7	7
halpern 9 11 5	2	0.685714	0	11
halpern 9 11 5	3	0.685714	0	12
halpern 9 11 6	1	0.685714	2	9
halpern 9 11 6	2	0.685714	0	11
halpern 9 11 6	3	0.685714	0	13
halpern 9 11 7	1	0.627143	1	11
halpern 9 11 7	2	0.627143	0	12
halpern 9 11 7	3	0.627143	0	13
halpern 9 11 8	1	0.785714	0	7
halpern 9 11 8	2	0.785714	0	12
halpern 9 11 8	3	0.785714	0	14
halpern 9 11 9	1	0.754286	2	7
halpern 9 11 9	2	0.754286	0	12
halpern 9 11 9	3	0.754286	0	13
halpern 9 11 10	1	0.678571	0	10
halpern 9 11 10	2	0.678571	0	12
halpern 9 11 10	3	0.678571	0	13
halpern 9 12 1	1	0.795714	2	6
halpern 9 12 1	2	0.795714	0	10
halpern 9 12 1	3	0.795714	0	14
halpern 9 12 2	1	0.678571	0	10
halpern 9 12 2	2	0.678571	0	10
halpern 9 12 2	3	0.678571	0	12
halpern 9 12 3	1	0.737143	1	8
halpern 9 12 3	2	0.737143	0	10
halpern 9 12 3	3	0.737143	0	14
halpern 9 12 4	1	0.642857	0	11
halpern 9 12 4	2	0.642857	0	13
halpern 9 12 4	3	0.642857	0	14
halpern 9 12 5	1	0.728571	4	7
halpern 9 12 5	2	0.728571	0	11
halpern 9 12 5	3	0.728571	0	12
halpern 9 12 6	1	0.65	2	10
halpern 9 12 6	2	0.65	0	11
halpern 9 12 6	3	0.65	0	13
halpern 9 12 7	1	0.625714	1	11
halpern 9 12 7	2	0.625714	0	13
halpern 9 12 7	3	0.625714	0	14
halpern 9 12 8	1	0.714286	0	9
halpern 9 12 8	2	0.714286	0	12
halpern 9 12 8	3	0.714286	0	14
halpern 9 12 9	1	0.694286	1	9
halpern 9 12 9	2	0.694286	0	14
halpern 9 12 9	3	0.694286	0	14
halpern 9 12 10	1	0.607143	0	12
halpern 9 12 10	2	0.607143	0	13
halpern 9 12 10	3	0.607143	0	13
halpern 9 13 1	1	0.715714	2	8
halpern 9 13 1	2	0.715714	0	13
halpern 9 13 1	3	0.715714	0	14
halpern 9 13 2	1	0.678571	0	10
halpern 9 13 2	2	0.678571	0	11
halpern 9 13 2	3	0.678571	0	14
halpern 9 13 3	1	0.75	0	8
halpern 9 13 3	2	0.75	0	13
halpern 9 13 3	3	0.75	0	14
halpern 9 13 4	1	0.642857	0	11
halpern 9 13 4	2	0.642857	0	13
halpern 9 13 4	3	0.642857	0	14
halpern 9 13 5	1	0.687143	4	8
halpern 9 13 5	2	0.687143	0	12
halpern 9 13 5	3	0.687143	0	13
halpern 9 13 6	1	0.611429	2	11
halpern 9 13 6	2	0.611429	0	12
halpern 9 13 6	3	0.611429	0	13
halpern 9 13 7	1	0.571429	0	13
halpern 9 13 7	2	0.571429	0	13
halpern 9 13 7	3	0.571429	0	14
halpern 9 13 8	1	0.678571	0	10
halpern 9 13 8	2	0.678571	0	12
halpern 9 13 8	3	0.678571	0	14
halpern 9 13 9	1	0.587143	1	12
halpern 9 13 9	2	0.587143	0	14
halpern 9 13 9	3	0.587143	0	14
halpern 9 13 10	1	0.607143	0	12
halpern 9 13 10	2	0.607143	0	13
halpern 9 13 10	3	0.607143	0	14
halpern 10 7 1	1	0.692857	10	6
halpern 10 7 1	2	0.692857	0	10
halpern 10 7 1	3	0.692857	0	13
halpern 10 7 2	1	0.692857	5	8
halpern 10 7 2	2	0.692857	0	9
halpern 10 7 2	3	0.692857	0	12
halpern 10 7 3	1	0.715714	4	7
halpern 10 7 3	2	0.715714	2	10
halpern 10 7 3	3	0.715714	1	12
halpern 10 7 4	1	0.671429	8	7
halpern 10 7 4	2	0.671429	0	11
halpern 10 7 4	3	0.671429	0	13
halpern 10 7 5	1	0.752857	6	5
halpern 10 7 5	2	0.752857	1	11
halpern 10 7 5	3	0.752857	1	14
halpern 10 7 6	1	0.677143	7	7
halpern 10 7 6	2	0.677143	2	9
halpern 10 7 6	3	0.677143	2	11
halpern 10 7 7	1	0.622857	10	7
halpern 10 7 7	2	0.622857	6	9
halpern 10 7 7	3	0.622857	1	12
halpern 10 7 8	1	0.774286	3	6
halpern 10 7 8	2	0.774286	0	12
halpern 10 7 8	3	0.774286	0	14
halpern 10 7 9	1	0.735714	7	5
halpern 10 7 9	2	0.735714	1	12
halpern 10 7 9	3	0.735714	0	13
halpern 10 7 10	1	0.721429	10	5
halpern 10 7 10	2	0.721429	1	9
halpern 10 7 10	3	0.721429	1	11
halpern 10 8 1	1	0.708571	6	7
halpern 10 8 1	2	0.708571	0	10
halpern 10 8 1	3	0.708571	0	13
halpern 10 8 2	1	0.685714	5	8
halpern 10 8 2	2	0.685714	0	10
halpern 10 8 2	3	0.685714	0	12
halpern 10 8 3	1	0.724286	2	8
halpern 10 8 3	2	0.724286	0	10
halpern 10 8 3	3	0.724286	0	12
halpern 10 8 4	1	0.65	7	8
halpern 10 8 4	2	0.65	0	11
halpern 10 8 4	3	0.65	0	13
halpern 10 8 5	1	0.684286	6	7
halpern 10 8 5	2	0.684286	1	11
halpern 10 8 5	3	0.684286	1	14
halpern 10 8 6	1	0.701429	6	7
halpern 10 8 6	2	0.701429	1	9
halpern 10 8 6	3	0.701429	1	12
halpern 10 8 7	1	0.6	10	8
halpern 10 8 7	2	0.6	3	10
halpern 10 8 7	3	0.6	0	13
halpern 10 8 8	1	0.765714	1	7
halpern 10 8 8	2	0.765714	0	14
halpern 10 8 8	3	0.765714	0	14
halpern 10 8 9	1	0.671429	4	8
halpern 10 8 9	2	0.671429	1	13
halpern 10 8 9	3	0.671429	0	14
halpern 10 8 10	1	0.702857	8	6
halpern 10 8 10	2	0.702857	1	10
halpern 10 8 10	3	0.702857	1	12
halpern 10 9 1	1	0.685714	5	8
halpern 10 9 1	2	0.685714	0	10
halpern 10 9 1	3	0.685714	0	13
halpern 10 9 2	1	0.698571	4	8
halpern 10 9 2	2	0.698571	0	10
halpern 10 9 2	3	0.698571	0	12
halpern 10 9 3	1	0.737143	1	8
halpern 10 9 3	2	0.737143	0	10
halpern 10 9 3	3	0.737143	0	12
halpern 10 9 4	1	0.657143	4	9
halpern 10 9 4	2	0.657143	0	11
halpern 10 9 4	3	0.657143	0	13
halpern 10 9 5	1	0.742857	3	7
halpern 10 9 5	2	0.742857	0	11
halpern 10 9 5	3	0.742857	0	14
halpern 10 9 6	1	0.728571	4	7
halpern 10 9 6	2	0.728571	1	9
halpern 10 9 6	3	0.728571	0	14
halpern 10 9 7	1	0.642857	5	9
halpern 10 9 7	2	0.642857	0	11
halpern 10 9 7	3	0.642857	0	13
halpern 10 9 8	1	0.75	0	8
halpern 10 9 8	2	0.75	0	14
halpern 10 9 8	3	0.75	0	14
halpern 10 9 9	1	0.671429	4	8
halpern 10 9 9	2	0.671429	1	13
halpern 10 9 9	3	0.671429	0	14
halpern 10 9 10	1	0.73	3	7
halpern 10 9 10	2	0.73	1	10
halpern 10 9 10	3	0.73	1	14
halpern 10 10 1	1	0.724286	2	8
halpern 10 10 1	2	0.724286	0	10
halpern 10 10 1	3	0.724286	0	13
halpern 10 10 2	1	0.737143	1	8
halpern 10 10 2	2	0.737143	0	10
halpern 10 10 2	3	0.737143	0	12
halpern 10 10 3	1	0.714286	0	9
halpern 10 10 3	2	0.714286	0	10
halpern 10 10 3	3	0.714286	0	12
halpern 10 10 4	1	0.635714	3	10
halpern 10 10 4	2	0.635714	0	11
halpern 10 10 4	3	0.635714	0	13
halpern 10 10 5	1	0.757143	2	7
halpern 10 10 5	2	0.757143	0	11
halpern 10 10 5	3	0.757143	0	14
halpern 10 10 6	1	0.688571	4	8
halpern 10 10 6	2	0.688571	1	10
halpern 10 10 6	3	0.688571	0	14
halpern 10 10 7	1	0.698571	1	9
halpern 10 10 7	2	0.698571	0	12
halpern 10 10 7	3	0.698571	0	13
halpern 10 10 8	1	0.75	0	8
halpern 10 10 8	2	0.75	0	14
halpern 10 10 8	3	0.75	0	14
halpern 10 10 9	1	0.681429	4	8
halpern 10 10 9	2	0.681429	0	13
halpern 10 10 9	3	0.681429	0	14
halpern 10 10 10	1	0.711429	2	8
halpern 10 10 10	2	0.711429	1	11
halpern 10 10 10	3	0.711429	0	14
halpern 10 11 1	1	0.737143	1	8
halpern 10 11 1	2	0.737143	0	10
halpern 10 11 1	3	0.737143	0	14
halpern 10 11 2	1	0.701429	1	9
halpern 10 11 2	2	0.701429	0	10
halpern 10 11 2	3	0.701429	0	12
halpern 10 11 3	1	0.714286	0	9
halpern 10 11 3	2	0.714286	0	10
halpern 10 11 3	3	0.714286	0	12
halpern 10 11 4	1	0.624286	1	11
halpern 10 11 4	2	0.624286	0	11
halpern 10 11 4	3	0.624286	0	13
halpern 10 11 5	1	0.754286	2	7
halpern 10 11 5	2	0.754286	0	12
halpern 10 11 5	3	0.754286	0	14
halpern 10 11 6	1	0.658571	3	9
halpern 10 11 6	2	0.658571	1	12
halpern 10 11 6	3	0.658571	0	14
halpern 10 11 7	1	0.698571	1	9
halpern 10 11 7	2	0.698571	0	12
halpern 10 11 7	3	0.698571	0	13
halpern 10 11 8	1	0.75	0	8
halpern 10 11 8	2	0.75	0	14
halpern 10 11 8	3	0.75	0	14
halpern 10 11 9	1	0.681429	4	8
halpern 10 11 9	2	0.681429	0	13
halpern 10 11 9	3	0.681429	0	14
halpern 10 11 10	1	0.685714	2	9
halpern 10 11 10	2	0.685714	0	11
halpern 10 11 10	3	0.685714	0	14
halpern 10 12 1	1	0.735714	1	8
halpern 10 12 1	2	0.735714	0	11
halpern 10 12 1	3	0.735714	0	14
halpern 10 12 2	1	0.661429	1	10
halpern 10 12 2	2	0.661429	0	10
halpern 10 12 2	3	0.661429	0	12
halpern 10 12 3	1	0.678571	0	10
halpern 10 12 3	2	0.678571	0	10
halpern 10 12 3	3	0.678571	0	13
halpern 10 12 4	1	0.624286	1	11
halpern 10 12 4	2	0.624286	0	11
halpern 10 12 4	3	0.624286	0	13
halpern 10 12 5	1	0.751429	2	7
halpern 10 12 5	2	0.751429	0	13
halpern 10 12 5	3	0.751429	0	14
halpern 10 12 6	1	0.68	2	9
halpern 10 12 6	2	0.68	0	13
halpern 10 12 6	3	0.68	0	14
halpern 10 12 7	1	0.697143	1	9
halpern 10 12 7	2	0.697143	0	13
halpern 10 12 7	3	0.697143	0	13
halpern 10 12 8	1	0.678571	0	10
halpern 10 12 8	2	0.678571	0	14
halpern 10 12 8	3	0.678571	0	14
halpern 10 12 9	1	0.654286	3	9
halpern 10 12 9	2	0.654286	0	14
halpern 10 12 9	3	0.654286	0	14
halpern 10 12 10	1	0.625714	1	11
halpern 10 12 10	2	0.625714	0	13
halpern 10 12 10	3	0.625714	0	14
halpern 10 13 1	1	0.698571	1	9
halpern 10 13 1	2	0.698571	0	12
halpern 10 13 1	3	0.698571	0	14
halpern 10 13 2	1	0.678571	0	10
halpern 10 13 2	2	0.678571	0	11
halpern 10 13 2	3	0.678571	0	13
halpern 10 13 3	1	0.678571	0	10
halpern 10 13 3	2	0.678571	0	11
halpern 10 13 3	3	0.678571	0	14
halpern 10 13 4	1	0.627143	1	11
halpern 10 13 4	2	0.627143	0	12
halpern 10 13 4	3	0.627143	0	13
halpern 10 13 5	1	0.697143	1	9
halpern 10 13 5	2	0.697143	0	13
halpern 10 13 5	3	0.697143	0	14
halpern 10 13 6	1	0.697143	1	9
halpern 10 13 6	2	0.697143	0	13
halpern 10 13 6	3	0.697143	0	14
halpern 10 13 7	1	0.694286	1	9
halpern 10 13 7	2	0.694286	0	14
halpern 10 13 7	3	0.694286	0	14
halpern 10 13 8	1	0.642857	0	11
halpern 10 13 8	2	0.642857	0	14
halpern 10 13 8	3	0.642857	0	14
halpern 10 13 9	1	0.674286	2	9
halpern 10 13 9	2	0.674286	0	14
halpern 10 13 9	3	0.674286	0	14
halpern 10 13 10	1	0.622857	1	11
halpern 10 13 10	2	0.622857	0	14
halpern 10 13 10	3	0.622857	0	14
halpern 11 7 1	1	0.798571	2	6
halpern 11 7 1	2	0.798571	0	9
halpern 11 7 1	3	0.798571	0	13
halpern 11 7 2	1	0.707143	2	8
halpern 11 7 2	2	0.707143	1	11
halpern 11 7 2	3	0.707143	1	12
halpern 11 7 3	1	0.604286	7	9
halpern 11 7 3	2	0.604286	0	12
halpern 11 7 3	3	0.604286	0	13
halpern 11 7 4	1	0.725714	7	5
halpern 11 7 4	2	0.725714	2	11
halpern 11 7 4	3	0.725714	1	14
halpern 11 7 5	1	0.667143	3	9
halpern 11 7 5	2	0.667143	0	12
halpern 11 7 5	3	0.667143	0	14
halpern 11 7 6	1	0.631429	3	10
halpern 11 7 6	2	0.631429	0	12
halpern 11 7 6	3	0.631429	0	13
halpern 11 7 7	1	0.614286	7	9
halpern 11 7 7	2	0.614286	0	11
halpern 11 7 7	3	0.614286	0	14
halpern 11 7 8	1	0.611429	2	11
halpern 11 7 8	2	0.611429	0	12
halpern 11 7 8	3	0.611429	0	14
halpern 11 7 9	1	0.711429	7	6
halpern 11 7 9	2	0.711429	1	11
halpern 11 7 9	3	0.711429	0	13
halpern 11 7 10	1	0.728571	4	7
halpern 11 7 10	2	0.728571	0	11
halpern 11 7 10	3	0.728571	0	13
halpern 11 8 1	1	0.798571	2	6
halpern 11 8 1	2	0.798571	0	9
halpern 11 8 1	3	0.798571	0	13
halpern 11 8 2	1	0.722857	1	8
halpern 11 8 2	2	0.722857	1	11
halpern 11 8 2	3	0.722857	1	13
halpern 11 8 3	1	0.651429	4	9
halpern 11 8 3	2	0.651429	0	12
halpern 11 8 3	3	0.651429	0	14
halpern 11 8 4	1	0.725714	7	5
halpern 11 8 4	2	0.725714	2	11
halpern 11 8 4	3	0.725714	1	14
halpern 11 8 5	1	0.682857	2	9
halpern 11 8 5	2	0.682857	0	12
halpern 11 8 5	3	0.682857	0	14
halpern 11 8 6	1	0.662857	1	10
halpern 11 8 6	2	0.662857	0	12
halpern 11 8 6	3	0.662857	0	13
halpern 11 8 7	1	0.635714	5	9
halpern 11 8 7	2	0.635714	0	12
halpern 11 8 7	3	0.635714	0	14
halpern 11 8 8	1	0.627143	1	11
halpern 11 8 8	2	0.627143	0	12
halpern 11 8 8	3	0.627143	0	14
halpern 11 8 9	1	0.65	7	8
halpern 11 8 9	2	0.65	0	11
halpern 11 8 9	3	0.65	0	13
halpern 11 8 10	1	0.742857	3	7
halpern 11 8 10	2	0.742857	0	11
halpern 11 8 10	3	0.742857	0	13
halpern 11 9 1	1	0.795714	2	6
halpern 11 9 1	2	0.795714	0	10
halpern 11 9 1	3	0.795714	0	13
halpern 11 9 2	1	0.725714	1	8
halpern 11 9 2	2	0.725714	1	11
halpern 11 9 2	3	0.725714	0	14
halpern 11 9 3	1	0.698571	1	9
halpern 11 9 3	2	0.698571	0	12
halpern 11 9 3	3	0.698571	0	14
halpern 11 9 4	1	0.732857	6	5
halpern 11 9 4	2	0.732857	2	12
halpern 11 9 4	3	0.732857	1	14
halpern 11 9 5	1	0.68	2	9
halpern 11 9 5	2	0.68	0	13
halpern 11 9 5	3	0.68	0	14
halpern 11 9 6	1	0.662857	1	10
halpern 11 9 6	2	0.662857	0	12
halpern 11 9 6	3	0.662857	0	13
halpern 11 9 7	1	0.61	4	10
halpern 11 9 7	2	0.61	0	13
halpern 11 9 7	3	0.61	0	14
halpern 11 9 8	1	0.642857	0	11
halpern 11 9 8	2	0.642857	0	12
halpern 11 9 8	3	0.642857	0	14
halpern 11 9 9	1	0.635714	3	10
halpern 11 9 9	2	0.635714	0	11
halpern 11 9 9	3	0.635714	0	14
halpern 11 9 10	1	0.718571	2	8
halpern 11 9 10	2	0.718571	0	12
halpern 11 9 10	3	0.718571	0	14
halpern 11 10 1	1	0.795714	2	6
halpern 11 10 1	2	0.795714	0	10
halpern 11 10 1	3	0.795714	0	13
halpern 11 10 2	1	0.714286	0	9
halpern 11 10 2	2	0.714286	0	11
halpern 11 10 2	3	0.714286	0	14
halpern 11 10 3	1	0.697143	1	9
halpern 11 10 3	2	0.697143	0	13
halpern 11 10 3	3	0.697143	0	14
halpern 11 10 4	1	0.7	4	7
halpern 11 10 4	2	0.7	1	14
halpern 11 10 4	3	0.7	1	14
halpern 11 10 5	1	0.678571	0	10
halpern 11 10 5	2	0.678571	0	13
halpern 11 10 5	3	0.678571	0	14
halpern 11 10 6	1	0.642857	0	11
halpern 11 10 6	2	0.642857	0	13
halpern 11 10 6	3	0.642857	0	13
halpern 11 10 7	1	0.644286	2	10
halpern 11 10 7	2	0.644286	0	13
halpern 11 10 7	3	0.644286	0	14
halpern 11 10 8	1	0.642857	0	11
halpern 11 10 8	2	0.642857	0	12
halpern 11 10 8	3	0.642857	0	14
halpern 11 10 9	1	0.595714	3	11
halpern 11 10 9	2	0.595714	0	12
halpern 11 10 9	3	0.595714	0	14
halpern 11 10 10	1	0.697143	1	9
halpern 11 10 10	2	0.697143	0	13
halpern 11 10 10	3	0.697143	0	14
halpern 11 11 1	1	0.795714	2	6
halpern 11 11 1	2	0.795714	0	10
halpern 11 11 1	3	0.795714	0	13
halpern 11 11 2	1	0.714286	0	9
halpern 11 11 2	2	0.714286	0	11
halpern 11 11 2	3	0.714286	0	14
halpern 11 11 3	1	0.714286	0	9
halpern 11 11 3	2	0.714286	0	13
halpern 11 11 3	3	0.714286	0	14
halpern 11 11 4	1	0.718571	3	7
halpern 11 11 4	2	0.718571	1	14
halpern 11 11 4	3	0.718571	0	14
halpern 11 11 5	1	0.678571	0	10
halpern 11 11 5	2	0.678571	0	13
halpern 11 11 5	3	0.678571	0	14
halpern 11 11 6	1	0.642857	0	11
halpern 11 11 6	2	0.642857	0	13
halpern 11 11 6	3	0.642857	0	13
halpern 11 11 7	1	0.644286	2	10
halpern 11 11 7	2	0.644286	0	13
halpern 11 11 7	3	0.644286	0	14
halpern 11 11 8	1	0.642857	0	11
halpern 11 11 8	2	0.642857	0	12
halpern 11 11 8	3	0.642857	0	14
halpern 11 11 9	1	0.627143	1	11
halpern 11 11 9	2	0.627143	0	12
halpern 11 11 9	3	0.627143	0	14
halpern 11 11 10	1	0.714286	0	9
halpern 11 11 10	2	0.714286	0	13
halpern 11 11 10	3	0.714286	0	14
halpern 11 12 1	1	0.792857	2	6
halpern 11 12 1	2	0.792857	0	11
halpern 11 12 1	3	0.792857	0	14
halpern 11 12 2	1	0.714286	0	9
halpern 11 12 2	2	0.714286	0	11
halpern 11 12 2	3	0.714286	0	14
halpern 11 12 3	1	0.678571	0	10
halpern 11 12 3	2	0.678571	0	13
halpern 11 12 3	3	0.678571	0	14
halpern 11 12 4	1	0.737143	2	7
halpern 11 12 4	2	0.737143	1	14
halpern 11 12 4	3	0.737143	0	14
halpern 11 12 5	1	0.678571	0	10
halpern 11 12 5	2	0.678571	0	13
halpern 11 12 5	3	0.678571	0	14
halpern 11 12 6	1	0.642857	0	11
halpern 11 12 6	2	0.642857	0	13
halpern 11 12 6	3	0.642857	0	14
halpern 11 12 7	1	0.661429	1	10
halpern 11 12 7	2	0.661429	0	13
halpern 11 12 7	3	0.661429	0	14
halpern 11 12 8	1	0.642857	0	11
halpern 11 12 8	2	0.642857	0	13
halpern 11 12 8	3	0.642857	0	14
halpern 11 12 9	1	0.627143	1	11
halpern 11 12 9	2	0.627143	0	12
halpern 11 12 9	3	0.627143	0	14
halpern 11 12 10	1	0.678571	0	10
halpern 11 12 10	2	0.678571	0	13
halpern 11 12 10	3	0.678571	0	14
halpern 11 13 1	1	0.768571	1	7
halpern 11 13 1	2	0.768571	0	13
halpern 11 13 1	3	0.768571	0	14
halpern 11 13 2	1	0.714286	0	9
halpern 11 13 2	2	0.714286	0	12
halpern 11 13 2	3	0.714286	0	14
halpern 11 13 3	1	0.678571	0	10
halpern 11 13 3	2	0.678571	0	13
halpern 11 13 3	3	0.678571	0	14
halpern 11 13 4	1	0.737143	2	7
halpern 11 13 4	2	0.737143	1	14
halpern 11 13 4	3	0.737143	0	14
halpern 11 13 5	1	0.678571	0	10
halpern 11 13 5	2	0.678571	0	13
halpern 11 13 5	3	0.678571	0	14
halpern 11 13 6	1	0.642857	0	11
halpern 11 13 6	2	0.642857	0	13
halpern 11 13 6	3	0.642857	0	14
halpern 11 13 7	1	0.625714	1	11
halpern 11 13 7	2	0.625714	0	13
halpern 11 13 7	3	0.625714	0	14
halpern 11 13 8	1	0.642857	0	11
halpern 11 13 8	2	0.642857	0	13
halpern 11 13 8	3	0.642857	0	14
halpern 11 13 9	1	0.627143	1	11
halpern 11 13 9	2	0.627143	0	12
halpern 11 13 9	3	0.627143	0	14
halpern 11 13 10	1	0.678571	0	10
halpern 11 13 10	2	0.678571	0	13
halpern 11 13 10	3	0.678571	0	14
halpern 12 7 1	1	0.724286	3	7
halpern 12 7 1	2	0.724286	2	10
halpern 12 7 1	3	0.724286	0	14
halpern 12 7 2	1	0.674286	8	7
halpern 12 7 2	2	0.674286	1	10
halpern 12 7 2	3	0.674286	0	13
halpern 12 7 3	1	0.725714	7	5
halpern 12 7 3	2	0.725714	2	11
halpern 12 7 3	3	0.725714	1	14
halpern 12 7 4	1	0.642857	5	9
halpern 12 7 4	2	0.642857	0	11
halpern 12 7 4	3	0.642857	0	12
halpern 12 7 5	1	0.534286	4	12
halpern 12 7 5	2	0.534286	0	12
halpern 12 7 5	3	0.534286	0	14
halpern 12 7 6	1	0.67	3	9
halpern 12 7 6	2	0.67	1	10
halpern 12 7 6	3	0.67	1	11
halpern 12 7 7	1	0.602857	7	8
halpern 12 7 7	2	0.602857	4	12
halpern 12 7 7	3	0.602857	2	13
halpern 12 7 8	1	0.608571	2	11
halpern 12 7 8	2	0.608571	0	13
halpern 12 7 8	3	0.608571	0	13
halpern 12 7 9	1	0.634286	4	9
halpern 12 7 9	2	0.634286	0	14
halpern 12 7 9	3	0.634286	0	14
halpern 12 7 10	1	0.574286	4	11
halpern 12 7 10	2	0.574286	0	13
halpern 12 7 10	3	0.574286	0	13
halpern 12 8 1	1	0.745714	2	7
halpern 12 8 1	2	0.745714	1	11
halpern 12 8 1	3	0.745714	0	14
halpern 12 8 2	1	0.635714	8	7
halpern 12 8 2	2	0.635714	1	13
halpern 12 8 2	3	0.635714	0	13
halpern 12 8 3	1	0.717143	7	5
halpern 12 8 3	2	0.717143	2	12
halpern 12 8 3	3	0.717143	1	14
halpern 12 8 4	1	0.642857	5	9
halpern 12 8 4	2	0.642857	0	11
halpern 12 8 4	3	0.642857	0	12
halpern 12 8 5	1	0.551429	3	12
halpern 12 8 5	2	0.551429	0	12
halpern 12 8 5	3	0.551429	0	14
halpern 12 8 6	1	0.644286	2	10
halpern 12 8 6	2	0.644286	1	10
halpern 12 8 6	3	0.644286	0	12
halpern 12 8 7	1	0.65	5	8
halpern 12 8 7	2	0.65	3	12
halpern 12 8 7	3	0.65	0	13
halpern 12 8 8	1	0.608571	2	11
halpern 12 8 8	2	0.608571	0	13
halpern 12 8 8	3	0.608571	0	13
halpern 12 8 9	1	0.634286	4	9
halpern 12 8 9	2	0.634286	0	14
halpern 12 8 9	3	0.634286	0	14
halpern 12 8 10	1	0.574286	4	11
halpern 12 8 10	2	0.574286	0	13
halpern 12 8 10	3	0.574286	0	13
halpern 12 9 1	1	0.734286	1	8
halpern 12 9 1	2	0.734286	0	12
halpern 12 9 1	3	0.734286	0	14
halpern 12 9 2	1	0.7	4	7
halpern 12 9 2	2	0.7	1	14
halpern 12 9 2	3	0.7	0	14
halpern 12 9 3	1	0.721429	5	6
halpern 12 9 3	2	0.721429	1	13
halpern 12 9 3	3	0.721429	1	14
halpern 12 9 4	1	0.642857	5	9
halpern 12 9 4	2	0.642857	0	11
halpern 12 9 4	3	0.642857	0	12
halpern 12 9 5	1	0.551429	3	12
halpern 12 9 5	2	0.551429	0	12
halpern 12 9 5	3	0.551429	0	14
halpern 12 9 6	1	0.647143	2	10
halpern 12 9 6	2	0.647143	0	12
halpern 12 9 6	3	0.647143	0	14
halpern 12 9 7	1	0.644286	2	10
halpern 12 9 7	2	0.644286	0	13
halpern 12 9 7	3	0.644286	0	13
halpern 12 9 8	1	0.642857	0	11
halpern 12 9 8	2	0.642857	0	13
halpern 12 9 8	3	0.642857	0	13
halpern 12 9 9	1	0.598571	4	10
halpern 12 9 9	2	0.598571	0	14
halpern 12 9 9	3	0.598571	0	14
halpern 12 9 10	1	0.591429	3	11
halpern 12 9 10	2	0.591429	0	13
halpern 12 9 10	3	0.591429	0	13
halpern 12 10 1	1	0.734286	1	8
halpern 12 10 1	2	0.734286	0	12
halpern 12 10 1	3	0.734286	0	14
halpern 12 10 2	1	0.694286	1	9
halpern 12 10 2	2	0.694286	0	14
halpern 12 10 2	3	0.694286	0	14
halpern 12 10 3	1	0.718571	3	7
halpern 12 10 3	2	0.718571	1	14
halpern 12 10 3	3	0.718571	0	14
halpern 12 10 4	1	0.611429	2	11
halpern 12 10 4	2	0.611429	0	12
halpern 12 10 4	3	0.611429	0	14
halpern 12 10 5	1	0.551429	3	12
halpern 12 10 5	2	0.551429	0	12
halpern 12 10 5	3	0.551429	0	14
halpern 12 10 6	1	0.644286	2	10
halpern 12 10 6	2	0.644286	0	13
halpern 12 10 6	3	0.644286	0	14
halpern 12 10 7	1	0.625714	1	11
halpern 12 10 7	2	0.625714	0	13
halpern 12 10 7	3	0.625714	0	13
halpern 12 10 8	1	0.642857	0	11
halpern 12 10 8	2	0.642857	0	13
halpern 12 10 8	3	0.642857	0	13
halpern 12 10 9	1	0.598571	4	10
halpern 12 10 9	2	0.598571	0	14
halpern 12 10 9	3	0.598571	0	14
halpern 12 10 10	1	0.608571	2	11
halpern 12 10 10	2	0.608571	0	13
halpern 12 10 10	3	0.608571	0	13
halpern 12 11 1	1	0.734286	1	8
halpern 12 11 1	2	0.734286	0	12
halpern 12 11 1	3	0.734286	0	14
halpern 12 11 2	1	0.694286	1	9
halpern 12 11 2	2	0.694286	0	14
halpern 12 11 2	3	0.694286	0	14
halpern 12 11 3	1	0.737143	2	7
halpern 12 11 3	2	0.737143	1	14
halpern 12 11 3	3	0.737143	0	14
halpern 12 11 4	1	0.642857	0	11
halpern 12 11 4	2	0.642857	0	13
halpern 12 11 4	3	0.642857	0	14
halpern 12 11 5	1	0.585714	1	12
halpern 12 11 5	2	0.585714	0	12
halpern 12 11 5	3	0.585714	0	14
halpern 12 11 6	1	0.661429	1	10
halpern 12 11 6	2	0.661429	0	13
halpern 12 11 6	3	0.661429	0	14
halpern 12 11 7	1	0.625714	1	11
halpern 12 11 7	2	0.625714	0	13
halpern 12 11 7	3	0.625714	0	13
halpern 12 11 8	1	0.607143	0	12
halpern 12 11 8	2	0.607143	0	13
halpern 12 11 8	3	0.607143	0	13
halpern 12 11 9	1	0.638571	2	10
halpern 12 11 9	2	0.638571	0	14
halpern 12 11 9	3	0.638571	0	14
halpern 12 11 10	1	0.625714	1	11
halpern 12 11 10	2	0.625714	0	13
halpern 12 11 10	3	0.625714	0	13
halpern 12 12 1	1	0.734286	1	8
halpern 12 12 1	2	0.734286	0	12
halpern 12 12 1	3	0.734286	0	14
halpern 12 12 2	1	0.694286	1	9
halpern 12 12 2	2	0.694286	0	14
halpern 12 12 2	3	0.694286	0	14
halpern 12 12 3	1	0.737143	2	7
halpern 12 12 3	2	0.737143	1	14
halpern 12 12 3	3	0.737143	0	14
halpern 12 12 4	1	0.642857	0	11
halpern 12 12 4	2	0.642857	0	13
halpern 12 12 4	3	0.642857	0	14
halpern 12 12 5	1	0.585714	1	12
halpern 12 12 5	2	0.585714	0	12
halpern 12 12 5	3	0.585714	0	14
halpern 12 12 6	1	0.661429	1	10
halpern 12 12 6	2	0.661429	0	13
halpern 12 12 6	3	0.661429	0	14
halpern 12 12 7	1	0.625714	1	11
halpern 12 12 7	2	0.625714	0	13
halpern 12 12 7	3	0.625714	0	13
halpern 12 12 8	1	0.607143	0	12
halpern 12 12 8	2	0.607143	0	13
halpern 12 12 8	3	0.607143	0	13
halpern 12 12 9	1	0.658571	1	10
halpern 12 12 9	2	0.658571	0	14
halpern 12 12 9	3	0.658571	0	14
halpern 12 12 10	1	0.625714	1	11
halpern 12 12 10	2	0.625714	0	13
halpern 12 12 10	3	0.625714	0	13
halpern 12 13 1	1	0.734286	1	8
halpern 12 13 1	2	0.734286	0	12
halpern 12 13 1	3	0.734286	0	14
halpern 12 13 2	1	0.694286	1	9
halpern 12 13 2	2	0.694286	0	14
halpern 12 13 2	3	0.694286	0	14
halpern 12 13 3	1	0.737143	2	7
halpern 12 13 3	2	0.737143	1	14
halpern 12 13 3	3	0.737143	0	14
halpern 12 13 4	1	0.642857	0	11
halpern 12 13 4	2	0.642857	0	13
halpern 12 13 4	3	0.642857	0	14
halpern 12 13 5	1	0.585714	1	12
halpern 12 13 5	2	0.585714	0	12
halpern 12 13 5	3	0.585714	0	14
halpern 12 13 6	1	0.661429	1	10
halpern 12 13 6	2	0.661429	0	13
halpern 12 13 6	3	0.661429	0	14
halpern 12 13 7	1	0.625714	1	11
halpern 12 13 7	2	0.625714	0	13
halpern 12 13 7	3	0.625714	0	13
halpern 12 13 8	1	0.607143	0	12
halpern 12 13 8	2	0.607143	0	13
halpern 12 13 8	3	0.607143	0	14
halpern 12 13 9	1	0.658571	1	10
halpern 12 13 9	2	0.658571	0	14
halpern 12 13 9	3	0.658571	0	14
halpern 12 13 10	1	0.625714	1	11
halpern 12 13 10	2	0.625714	0	13
halpern 12 13 10	3	0.625714	0	13
halpern 13 7 1	1	0.68	2	9
halpern 13 7 1	2	0.68	0	13
halpern 13 7 1	3	0.68	0	14
halpern 13 7 2	1	0.635714	3	10
halpern 13 7 2	2	0.635714	0	11
halpern 13 7 2	3	0.635714	0	13
halpern 13 7 3	1	0.624286	3	10
halpern 13 7 3	2	0.624286	1	12
halpern 13 7 3	3	0.624286	0	14
halpern 13 7 4	1	0.782857	3	6
halpern 13 7 4	2	0.782857	0	10
halpern 13 7 4	3	0.782857	0	14
halpern 13 7 5	1	0.714286	0	9
halpern 13 7 5	2	0.714286	0	12
halpern 13 7 5	3	0.714286	0	13
halpern 13 7 6	1	0.732857	1	8
halpern 13 7 6	2	0.732857	0	13
halpern 13 7 6	3	0.732857	0	14
halpern 13 7 7	1	0.602857	2	11
halpern 13 7 7	2	0.602857	0	14
halpern 13 7 7	3	0.602857	0	14
halpern 13 7 8	1	0.661429	1	10
halpern 13 7 8	2	0.661429	0	13
halpern 13 7 8	3	0.661429	0	14
halpern 13 7 9	1	0.555714	3	12
halpern 13 7 9	2	0.555714	0	13
halpern 13 7 9	3	0.555714	0	13
halpern 13 7 10	1	0.642857	0	11
halpern 13 7 10	2	0.642857	0	14
halpern 13 7 10	3	0.642857	0	14
halpern 13 8 1	1	0.68	2	9
halpern 13 8 1	2	0.68	0	13
halpern 13 8 1	3	0.68	0	14
halpern 13 8 2	1	0.635714	3	10
halpern 13 8 2	2	0.635714	0	11
halpern 13 8 2	3	0.635714	0	13
halpern 13 8 3	1	0.59	3	11
halpern 13 8 3	2	0.59	1	12
halpern 13 8 3	3	0.59	0	14
halpern 13 8 4	1	0.782857	3	6
halpern 13 8 4	2	0.782857	0	10
halpern 13 8 4	3	0.782857	0	14
halpern 13 8 5	1	0.714286	0	9
halpern 13 8 5	2	0.714286	0	12
halpern 13 8 5	3	0.714286	0	14
halpern 13 8 6	1	0.732857	1	8
halpern 13 8 6	2	0.732857	0	13
halpern 13 8 6	3	0.732857	0	14
halpern 13 8 7	1	0.602857	2	11
halpern 13 8 7	2	0.602857	0	14
halpern 13 8 7	3	0.602857	0	14
halpern 13 8 8	1	0.642857	0	11
halpern 13 8 8	2	0.642857	0	13
halpern 13 8 8	3	0.642857	0	14
halpern 13 8 9	1	0.555714	3	12
halpern 13 8 9	2	0.555714	0	13
halpern 13 8 9	3	0.555714	0	13
halpern 13 8 10	1	0.642857	0	11
halpern 13 8 10	2	0.642857	0	14
halpern 13 8 10	3	0.642857	0	14
halpern 13 9 1	1	0.68	2	9
halpern 13 9 1	2	0.68	0	13
halpern 13 9 1	3	0.68	0	14
halpern 13 9 2	1	0.635714	3	10
halpern 13 9 2	2	0.635714	0	11
halpern 13 9 2	3	0.635714	0	13
halpern 13 9 3	1	0.611429	2	11
halpern 13 9 3	2	0.611429	0	12
halpern 13 9 3	3	0.611429	0	14
halpern 13 9 4	1	0.76	2	7
halpern 13 9 4	2	0.76	0	10
halpern 13 9 4	3	0.76	0	14
halpern 13 9 5	1	0.714286	0	9
halpern 13 9 5	2	0.714286	0	13
halpern 13 9 5	3	0.714286	0	14
halpern 13 9 6	1	0.732857	1	8
halpern 13 9 6	2	0.732857	0	13
halpern 13 9 6	3	0.732857	0	14
halpern 13 9 7	1	0.602857	2	11
halpern 13 9 7	2	0.602857	0	14
halpern 13 9 7	3	0.602857	0	14
halpern 13 9 8	1	0.642857	0	11
halpern 13 9 8	2	0.642857	0	13
halpern 13 9 8	3	0.642857	0	14
halpern 13 9 9	1	0.59	1	12
halpern 13 9 9	2	0.59	0	13
halpern 13 9 9	3	0.59	0	13
halpern 13 9 10	1	0.642857	0	11
halpern 13 9 10	2	0.642857	0	14
halpern 13 9 10	3	0.642857	0	14
halpern 13 10 1	1	0.678571	0	10
halpern 13 10 1	2	0.678571	0	13
halpern 13 10 1	3	0.678571	0	14
halpern 13 10 2	1	0.611429	2	11
halpern 13 10 2	2	0.611429	0	12
halpern 13 10 2	3	0.611429	0	13
halpern 13 10 3	1	0.627143	1	11
halpern 13 10 3	2	0.627143	0	12
halpern 13 10 3	3	0.627143	0	14
halpern 13 10 4	1	0.715714	2	8
halpern 13 10 4	2	0.715714	0	13
halpern 13 10 4	3	0.715714	0	14
halpern 13 10 5	1	0.678571	0	10
halpern 13 10 5	2	0.678571	0	13
halpern 13 10 5	3	0.678571	0	14
halpern 13 10 6	1	0.75	0	8
halpern 13 10 6	2	0.75	0	13
halpern 13 10 6	3	0.75	0	14
halpern 13 10 7	1	0.602857	2	11
halpern 13 10 7	2	0.602857	0	14
halpern 13 10 7	3	0.602857	0	14
halpern 13 10 8	1	0.642857	0	11
halpern 13 10 8	2	0.642857	0	13
halpern 13 10 8	3	0.642857	0	14
halpern 13 10 9	1	0.607143	0	12
halpern 13 10 9	2	0.607143	0	13
halpern 13 10 9	3	0.607143	0	13
halpern 13 10 10	1	0.642857	0	11
halpern 13 10 10	2	0.642857	0	14
halpern 13 10 10	3	0.642857	0	14
halpern 13 11 1	1	0.678571	0	10
halpern 13 11 1	2	0.678571	0	13
halpern 13 11 1	3	0.678571	0	14
halpern 13 11 2	1	0.642857	0	11
halpern 13 11 2	2	0.642857	0	12
halpern 13 11 2	3	0.642857	0	14
halpern 13 11 3	1	0.642857	0	11
halpern 13 11 3	2	0.642857	0	12
halpern 13 11 3	3	0.642857	0	14
halpern 13 11 4	1	0.678571	0	10
halpern 13 11 4	2	0.678571	0	14
halpern 13 11 4	3	0.678571	0	14
halpern 13 11 5	1	0.642857	0	11
halpern 13 11 5	2	0.642857	0	13
halpern 13 11 5	3	0.642857	0	14
halpern 13 11 6	1	0.678571	0	10
halpern 13 11 6	2	0.678571	0	13
halpern 13 11 6	3	0.678571	0	14
halpern 13 11 7	1	0.602857	2	11
halpern 13 11 7	2	0.602857	0	14
halpern 13 11 7	3	0.602857	0	14
halpern 13 11 8	1	0.642857	0	11
halpern 13 11 8	2	0.642857	0	13
halpern 13 11 8	3	0.642857	0	14
halpern 13 11 9	1	0.607143	0	12
halpern 13 11 9	2	0.607143	0	13
halpern 13 11 9	3	0.607143	0	13
halpern 13 11 10	1	0.642857	0	11
halpern 13 11 10	2	0.642857	0	14
halpern 13 11 10	3	0.642857	0	14
halpern 13 12 1	1	0.678571	0	10
halpern 13 12 1	2	0.678571	0	14
halpern 13 12 1	3	0.678571	0	14
halpern 13 12 2	1	0.607143	0	12
halpern 13 12 2	2	0.607143	0	12
halpern 13 12 2	3	0.607143	0	14
halpern 13 12 3	1	0.642857	0	11
halpern 13 12 3	2	0.642857	0	13
halpern 13 12 3	3	0.642857	0	14
halpern 13 12 4	1	0.678571	0	10
halpern 13 12 4	2	0.678571	0	14
halpern 13 12 4	3	0.678571	0	14
halpern 13 12 5	1	0.642857	0	11
halpern 13 12 5	2	0.642857	0	13
halpern 13 12 5	3	0.642857	0	14
halpern 13 12 6	1	0.678571	0	10
halpern 13 12 6	2	0.678571	0	13
halpern 13 12 6	3	0.678571	0	14
halpern 13 12 7	1	0.602857	2	11
halpern 13 12 7	2	0.602857	0	14
halpern 13 12 7	3	0.602857	0	14
halpern 13 12 8	1	0.642857	0	11
halpern 13 12 8	2	0.642857	0	13
halpern 13 12 8	3	0.642857	0	14
halpern 13 12 9	1	0.607143	0	12
halpern 13 12 9	2	0.607143	0	13
halpern 13 12 9	3	0.607143	0	13
halpern 13 12 10	1	0.642857	0	11
halpern 13 12 10	2	0.642857	0	14
halpern 13 12 10	3	0.642857	0	14
halpern 13 13 1	1	0.678571	0	10
halpern 13 13 1	2	0.678571	0	14
halpern 13 13 1	3	0.678571	0	14
halpern 13 13 2	1	0.607143	0	12
halpern 13 13 2	2	0.607143	0	12
halpern 13 13 2	3	0.607143	0	14
halpern 13 13 3	1	0.642857	0	11
halpern 13 13 3	2	0.642857	0	13
halpern 13 13 3	3	0.642857	0	14
halpern 13 13 4	1	0.678571	0	10
halpern 13 13 4	2	0.678571	0	14
halpern 13 13 4	3	0.678571	0	14
halpern 13 13 5	1	0.642857	0	11
halpern 13 13 5	2	0.642857	0	13
halpern 13 13 5	3	0.642857	0	14
halpern 13 13 6	1	0.678571	0	10
halpern 13 13 6	2	0.678571	0	13
halpern 13 13 6	3	0.678571	0	14
halpern 13 13 7	1	0.622857	1	11
halpern 13 13 7	2	0.622857	0	14
halpern 13 13 7	3	0.622857	0	14
halpern 13 13 8	1	0.642857	0	11
halpern 13 13 8	2	0.642857	0	13
halpern 13 13 8	3	0.642857	0	14
halpern 13 13 9	1	0.607143	0	12
halpern 13 13 9	2	0.607143	0	13
halpern 13 13 9	3	0.607143	0	13
halpern 13 13 10	1	0.642857	0	11
halpern 13 13 10	2	0.642857	0	14
halpern 13 13 10	3	0.642857	0	14
